0.0,38.1,30.8,39.4,36.1,40.3,33.3,35.4,39.1,33.5,31.6,33.5,32.4,38.1,35.4,39.3,41.2,40.3,45.2,40.0,35.1,45.0,35.0,45.0,35.1,45.3,58.5,57.0,55.7,52.2,52.0,50.3,51.1,51.5,47.4,44.2,43.0,40.6,37.2,36.1,40.3,30.8,33.5,38.1,35.3,37.7,37.2,38.3,45.0,38.1,35.3,33.5,25.0,20.0,18.0,14.1,18.0,26.9,47.2,42.4,26.9,15.8,29.2,39.1,20.6,11.2,13.0,25.3,10.0,9.2,19.6,25.5,27.5,39.3,36.1,57.0,42.9,50.0,32.6,38.5,7.6,12.0,14.8,19.2,27.0,35.5,32.2,38.2,17.9,52.5,4.2,12.0,14.8,21.1,17.1,20.6,15.5,48.2,14.1,20.5,19.2
38.1,0.0,10.4,3.0,7.1,5.0,12.2,14.1,11.2,52.2,47.4,48.1,43.5,53.9,44.7,50.5,51.5,47.2,82.2,76.9,72.0,81.4,71.6,81.0,71.2,80.6,89.0,86.0,86.7,82.0,83.6,80.4,82.9,84.9,78.1,42.0,40.0,40.1,37.3,35.4,35.0,34.5,30.4,30.0,30.1,5.8,8.6,46.1,81.8,75.0,68.6,71.6,55.0,35.4,39.1,25.5,55.9,60.2,75.7,66.7,26.9,28.3,64.0,76.3,58.5,46.1,50.6,58.1,29.2,33.5,18.9,50.0,42.9,34.0,65.2,82.5,81.0,82.0,33.6,25.5,43.9,36.1,42.0,55.3,64.5,72.7,61.1,62.4,27.0,90.4,39.8,49.2,50.5,48.8,48.9,57.1,43.1,70.2,33.0,50.0,19.0
30.8,10.4,0.0,10.0,5.4,10.2,4.0,7.0,8.6,41.8,37.0,37.7,33.1,43.5,34.5,40.3,41.3,37.2,73.4,68.0,63.2,72.3,62.6,71.8,62.1,71.2,85.8,83.2,83.2,78.9,79.9,77.2,79.1,80.4,74.6,46.1,44.1,43.6,40.3,38.3,39.3,36.0,33.4,34.5,33.7,7.3,6.4,36.1,72.8,66.1,64.0,64.1,45.1,25.1,36.2,17.0,48.8,50.6,65.4,56.3,16.6,25.1,58.7,69.8,50.5,37.3,42.5,53.4,23.4,24.7,14.3,47.4,42.2,25.0,55.0,72.0,73.6,72.0,23.6,17.5,37.5,31.9,32.4,46.5,57.8,66.2,51.0,52.0,17.1,83.2,31.8,42.6,44.6,45.3,44.2,51.0,39.1,59.8,23.3,40.2,12.0
39.4,3.0,10.0,0.0,5.4,2.0,10.8,12.2,8.6,51.4,46.6,47.1,42.4,52.8,43.5,49.2,50.1,45.7,83.0,77.6,72.8,82.0,72.3,81.6,71.8,81.0,91.4,88.5,89.0,84.4,85.9,82.8,85.1,87.0,80.4,45.0,43.0,43.1,40.3,38.3,38.0,37.4,33.4,33.0,33.1,3.6,6.4,44.7,82.5,75.7,70.7,72.9,55.1,35.1,41.4,26.2,57.3,60.5,75.3,66.1,26.0,30.5,65.9,77.9,59.6,46.8,51.6,60.1,30.8,34.2,20.6,52.4,45.6,32.0,65.0,81.8,82.3,82.0,32.2,23.3,45.5,38.2,42.3,56.0,66.0,74.3,61.0,61.8,27.1,91.8,40.9,50.8,52.2,51.1,50.9,58.8,45.3,69.4,33.2,50.2,20.1
36.1,7.1,5.4,5.4,0.0,5.0,5.4,7.1,5.0,46.1,41.2,41.8,37.0,47.4,38.1,43.9,44.7,40.3,78.7,73.4,68.6,77.6,68.0,77.1,67.4,76.5,90.1,87.5,87.7,83.2,84.4,81.5,83.6,85.1,79.1,47.3,45.3,45.0,42.0,40.0,40.3,38.3,35.0,35.4,35.1,2.0,2.0,39.4,78.2,71.5,68.8,69.5,50.2,30.0,40.3,22.4,54.1,55.9,70.2,60.8,20.6,29.2,63.6,75.0,55.9,42.7,47.9,58.1,28.3,30.1,18.6,51.5,45.5,26.9,60.0,76.5,78.9,77.1,26.8,18.4,42.6,36.4,37.7,51.9,63.0,71.4,56.0,56.6,22.4,88.5,37.1,47.8,49.6,49.6,48.9,56.1,43.6,64.0,28.6,45.4,17.0
40.3,5.0,10.2,2.0,5.0,0.0,10.2,11.2,7.1,51.0,46.1,46.6,41.8,52.2,42.7,48.5,49.2,44.7,83.5,78.2,73.4,82.5,72.8,82.0,72.3,81.4,93.0,90.1,90.6,86.0,87.5,84.4,86.7,88.5,82.0,47.0,45.0,45.1,42.3,40.3,40.0,39.3,35.4,35.0,35.1,3.0,5.4,43.9,83.0,76.2,72.1,73.8,55.2,35.0,43.0,26.9,58.3,60.8,75.2,65.8,25.5,32.0,67.3,79.1,60.4,47.4,52.4,61.5,32.0,34.8,21.9,54.1,47.4,30.8,65.0,81.4,83.2,82.1,31.4,22.0,46.6,39.6,42.6,56.6,67.1,75.5,61.0,61.5,27.3,92.8,41.6,51.9,53.4,52.6,52.3,60.0,46.8,68.9,33.5,50.4,21.1
33.3,12.2,4.0,10.8,5.4,10.2,0.0,3.0,5.8,40.8,35.9,36.4,31.6,42.1,32.7,38.5,39.4,35.0,74.7,69.3,64.6,73.4,63.9,72.8,63.2,72.0,89.2,86.8,86.6,82.4,83.2,80.6,82.4,83.6,78.0,50.0,48.1,47.5,44.3,42.3,43.2,40.0,37.3,38.3,37.7,7.3,5.0,34.0,74.0,67.4,67.2,66.3,45.5,25.1,39.9,19.2,51.2,51.4,65.1,55.6,15.3,28.8,61.7,72.3,52.5,38.9,44.4,56.6,26.6,26.4,18.0,51.1,46.1,21.9,55.0,71.2,75.7,72.2,21.5,13.9,40.3,35.4,33.2,47.9,60.3,68.8,51.1,51.4,18.0,85.4,33.8,45.3,47.4,48.8,47.4,53.7,42.5,58.7,24.4,40.8,15.3
35.4,14.1,7.0,12.2,7.1,11.2,3.0,0.0,5.0,40.3,35.4,35.7,30.8,41.2,31.6,37.3,38.1,33.5,75.8,70.4,65.8,74.3,65.0,73.7,64.3,72.8,91.8,89.4,89.2,85.0,85.8,83.2,84.9,86.0,80.6,53.0,51.0,50.5,47.3,45.3,46.1,43.0,40.3,41.2,40.6,8.6,5.8,32.7,75.0,68.5,69.6,68.0,46.1,25.5,42.7,21.2,53.2,52.2,65.0,55.2,15.0,31.6,64.0,74.3,54.1,40.3,46.0,59.1,29.2,28.0,20.9,53.9,49.0,19.8,55.2,70.7,77.4,72.4,20.2,11.4,42.5,38.0,34.2,49.2,62.3,70.8,51.4,51.1,19.2,87.2,35.6,47.4,49.7,51.4,49.9,55.9,45.2,58.1,25.5,41.5,17.9
39.1,11.2,8.6,8.6,5.0,7.1,5.8,5.0,0.0,45.3,40.3,40.6,35.7,46.1,36.4,42.1,42.7,38.1,80.4,75.0,70.4,79.1,69.6,78.4,68.9,77.6,94.3,91.8,91.8,87.5,88.5,85.8,87.7,89.0,83.2,52.2,50.2,50.0,47.0,45.0,45.3,43.3,40.0,40.3,40.0,5.4,3.0,37.3,79.7,73.2,72.6,72.1,51.0,30.4,44.7,25.0,57.0,57.0,70.0,60.2,20.0,33.5,67.3,78.1,58.3,44.7,50.2,62.0,32.0,32.2,22.8,55.9,50.3,23.9,60.2,75.7,81.5,77.4,25.0,15.0,46.0,40.5,38.9,53.7,66.1,74.5,56.3,56.1,23.8,91.3,39.7,51.0,53.0,53.9,52.8,59.4,47.7,63.0,30.1,46.3,20.6
33.5,52.2,41.8,51.4,46.1,51.0,40.8,40.3,45.3,0.0,5.0,5.4,10.2,5.0,11.2,9.4,11.2,14.1,45.3,40.6,37.7,42.4,36.1,41.0,34.4,39.1,85.1,85.0,82.2,80.0,78.2,78.0,77.2,75.7,75.0,75.8,74.3,72.3,68.8,67.3,70.7,62.5,63.6,67.3,65.1,48.1,45.7,12.8,43.9,39.4,62.0,47.4,15.8,18.0,51.5,32.0,40.0,22.4,25.5,15.0,25.5,46.1,55.0,57.0,35.4,25.5,31.1,54.5,39.1,27.0,42.2,58.5,60.9,26.2,18.0,30.4,55.0,34.5,21.1,33.2,38.9,45.3,18.8,27.3,47.4,54.3,15.6,11.2,26.9,64.4,29.5,39.6,43.7,53.8,48.8,46.0,48.8,18.0,23.3,16.0,38.3
31.6,47.4,37.0,46.6,41.2,46.1,35.9,35.4,40.3,5.0,0.0,2.0,5.4,7.1,7.1,8.0,10.0,11.2,48.8,43.9,40.6,46.1,39.1,44.8,37.5,43.0,85.6,85.1,82.6,80.2,78.6,78.2,77.6,76.5,75.2,72.6,71.1,69.2,65.6,64.0,67.3,59.4,60.2,63.6,61.6,43.2,40.8,9.4,47.4,42.5,62.2,49.2,18.0,14.1,49.2,28.3,40.3,25.0,30.4,20.0,20.6,43.0,55.2,58.5,36.4,25.0,31.1,54.0,36.1,24.2,38.3,57.0,58.6,21.5,22.4,35.4,57.3,39.2,16.1,28.3,37.7,43.0,17.3,28.5,48.3,55.7,19.4,16.1,22.8,66.9,27.9,39.1,43.1,52.4,47.7,46.1,47.1,22.8,20.0,16.8,34.2
33.5,48.1,37.7,47.1,41.8,46.6,36.4,35.7,40.6,5.4,2.0,0.0,5.0,5.8,5.8,6.0,8.0,9.4,50.2,45.3,42.2,47.4,40.6,46.1,39.1,44.2,87.6,87.1,84.6,82.2,80.6,80.2,79.6,78.4,77.2,74.2,72.6,70.8,67.2,65.6,68.8,61.0,61.7,65.1,63.0,43.7,41.2,7.8,48.8,44.0,64.2,51.1,19.7,15.6,51.1,29.7,42.3,26.6,30.8,20.1,21.2,44.7,57.2,60.4,38.3,27.0,33.1,56.0,37.7,25.9,39.6,58.9,60.4,20.9,23.3,35.1,59.1,39.9,16.0,28.1,39.6,44.8,19.2,30.4,50.2,57.6,20.6,16.5,24.1,68.6,29.8,41.0,45.1,54.3,49.6,48.1,49.0,22.4,21.6,18.7,35.5
32.4,43.5,33.1,42.4,37.0,41.8,31.6,30.8,35.7,10.2,5.4,5.0,0.0,10.4,3.0,7.8,9.4,8.0,53.8,48.8,45.3,51.2,43.9,50.0,42.4,48.3,88.3,87.6,85.3,82.6,81.4,80.6,80.4,79.6,77.6,71.3,69.6,68.0,64.4,62.7,65.6,58.3,58.6,61.7,59.8,38.9,36.4,6.0,52.5,47.4,64.8,53.2,22.7,13.0,49.3,26.6,43.2,29.7,35.7,25.1,16.6,42.1,57.9,62.2,39.9,27.5,34.0,56.1,35.3,24.0,36.1,57.9,58.5,16.2,27.7,40.1,61.6,44.6,11.0,23.1,39.1,43.0,19.1,32.2,51.5,59.2,24.7,21.4,20.6,71.3,29.1,41.1,45.0,53.5,49.1,48.7,47.9,27.3,19.3,20.6,31.8
38.1,53.9,43.5,52.8,47.4,52.2,42.1,41.2,46.1,5.0,7.1,5.8,10.4,0.0,10.0,5.8,7.1,11.2,49.2,44.7,42.1,46.1,40.3,44.6,38.6,42.4,90.1,90.0,87.1,85.0,83.2,83.0,82.2,80.6,80.0,79.6,78.1,76.2,72.6,71.1,74.3,66.4,67.3,70.7,68.6,49.3,46.8,10.4,47.6,43.6,67.0,52.2,20.6,21.2,55.9,35.4,45.0,26.9,26.9,15.8,26.9,50.0,60.0,61.8,40.3,30.4,36.1,59.4,43.0,31.1,45.3,63.2,65.3,25.2,21.2,30.0,59.6,36.7,21.2,33.0,43.7,49.6,23.4,32.2,52.3,59.2,19.4,13.0,29.8,68.9,34.2,44.6,48.7,58.5,53.6,51.0,53.5,17.0,27.0,21.0,41.2
35.4,44.7,34.5,43.5,38.1,42.7,32.7,31.6,36.4,11.2,7.1,5.8,3.0,10.0,0.0,5.8,7.1,5.0,55.9,50.9,47.6,53.2,46.1,51.9,44.6,50.0,91.2,90.6,88.3,85.6,84.3,83.6,83.4,82.5,80.6,73.8,72.1,70.5,66.9,65.2,68.0,60.9,61.0,64.0,62.2,39.9,37.3,3.0,54.5,49.6,67.7,55.9,25.0,15.8,52.2,29.2,46.1,32.0,36.4,25.5,18.0,44.7,60.8,65.0,42.7,30.4,36.9,59.1,38.1,26.9,38.4,60.8,61.4,15.3,29.2,40.0,64.1,45.7,11.4,23.0,42.0,45.9,22.1,34.9,54.4,62.0,26.4,22.1,23.0,73.8,32.1,44.1,48.0,56.4,52.1,51.6,50.8,27.0,22.1,23.3,34.1
39.3,50.5,40.3,49.2,43.9,48.5,38.5,37.3,42.1,9.4,8.0,6.0,7.8,5.8,5.8,0.0,2.0,5.4,54.7,50.0,47.2,51.7,45.5,50.2,43.8,48.1,93.5,93.1,90.6,88.1,86.6,86.1,85.6,84.3,83.2,79.1,77.4,75.7,72.1,70.5,73.4,66.0,66.4,69.5,67.6,45.7,43.1,5.0,53.2,48.8,70.2,56.6,25.1,20.6,56.6,34.4,48.3,31.8,32.7,21.5,23.9,49.7,63.2,66.1,44.1,33.0,39.1,62.0,42.9,31.4,43.9,64.8,65.9,20.0,26.9,35.1,64.4,42.5,17.1,28.3,45.5,50.3,25.2,36.1,56.1,63.3,24.8,18.9,28.4,73.8,35.7,47.0,51.1,60.2,55.6,54.1,54.8,22.1,26.8,24.5,39.6
41.2,51.5,41.3,50.1,44.7,49.2,39.4,38.1,42.7,11.2,10.0,8.0,9.4,7.1,7.1,2.0,0.0,5.0,56.2,51.6,48.9,53.2,47.2,51.7,45.5,49.5,95.5,95.1,92.5,90.1,88.6,88.1,87.6,86.3,85.1,80.7,79.1,77.4,73.8,72.1,75.0,67.7,68.0,71.1,69.2,46.5,43.9,5.4,54.7,50.5,72.2,58.5,26.9,22.4,58.5,36.1,50.2,33.5,33.5,22.4,25.0,51.5,65.2,68.0,46.1,35.0,41.1,64.0,44.7,33.2,45.5,66.7,67.8,20.1,28.3,35.4,66.2,43.6,17.9,28.6,47.5,52.2,27.2,38.1,58.1,65.3,26.4,20.0,30.0,75.6,37.7,49.0,53.1,62.2,57.6,56.1,56.8,22.4,28.6,26.5,41.1
40.3,47.2,37.2,45.7,40.3,44.7,35.0,33.5,38.1,14.1,11.2,9.4,8.0,11.2,5.0,5.4,5.0,0.0,59.5,54.7,51.6,56.6,50.0,55.2,48.4,53.2,96.2,95.5,93.2,90.6,89.3,88.6,88.3,87.3,85.6,78.0,76.3,74.8,71.2,69.5,72.1,65.3,65.2,68.0,66.3,42.1,39.4,2.0,58.0,53.4,72.7,60.4,29.2,20.6,57.0,33.5,51.0,36.1,38.1,26.9,21.2,49.2,65.8,69.6,47.4,35.4,41.8,64.1,42.7,31.8,42.4,65.8,66.1,15.1,32.0,40.3,68.5,47.9,13.6,23.8,47.0,50.7,27.1,39.6,59.2,66.7,29.7,24.2,27.3,78.0,37.1,49.1,53.0,61.4,57.1,56.6,55.7,27.3,26.9,27.9,38.0
45.2,82.2,73.4,83.0,78.7,83.5,74.7,75.8,80.4,45.3,48.8,50.2,53.8,49.2,55.9,54.7,56.2,59.5,0.0,5.4,10.2,4.0,10.8,6.0,11.7,9.0,56.8,59.2,54.1,54.9,50.6,53.3,49.7,45.6,50.8,83.2,82.7,79.8,77.1,76.7,81.6,71.4,75.8,80.8,77.8,80.7,79.4,58.0,2.0,7.3,41.0,18.6,31.4,51.0,56.1,56.8,30.6,24.4,29.4,37.2,62.2,60.0,36.6,25.8,25.0,36.1,32.1,42.1,55.1,48.8,64.6,54.2,62.9,69.2,28.3,39.0,17.5,21.1,62.4,73.6,42.1,53.2,41.6,26.9,27.3,26.2,29.8,37.2,56.6,23.0,42.6,37.3,39.1,50.0,44.9,34.2,50.2,42.1,50.3,35.0,63.3
40.0,76.9,68.0,77.6,73.4,78.2,69.3,70.4,75.0,40.6,43.9,45.3,48.8,44.7,50.9,50.0,51.6,54.7,5.4,0.0,5.0,5.4,5.4,6.4,6.4,8.6,56.6,58.6,53.9,54.1,50.2,52.4,49.2,45.5,49.7,79.1,78.4,75.6,72.8,72.3,77.1,66.9,71.2,76.1,73.2,75.3,74.0,53.2,5.0,2.0,39.1,16.4,26.2,45.7,51.7,51.4,26.2,19.2,27.0,33.5,56.8,55.1,34.0,25.1,20.2,30.8,27.0,38.8,50.0,43.4,59.4,50.5,58.9,64.0,24.2,37.3,18.1,20.2,57.2,68.3,37.3,48.5,36.2,21.6,24.2,24.7,25.2,33.1,51.3,25.5,37.3,32.8,34.8,46.1,40.9,30.4,45.9,38.8,44.9,29.7,58.1
35.1,72.0,63.2,72.8,68.6,73.4,64.6,65.8,70.4,37.7,40.6,42.2,45.3,42.1,47.6,47.2,48.9,51.6,10.2,5.0,0.0,10.2,2.0,10.8,4.0,12.2,55.1,56.6,52.2,52.0,48.4,50.2,47.4,44.1,47.4,74.3,73.7,70.8,68.0,67.4,72.3,62.1,66.3,71.2,68.2,70.5,69.3,50.0,10.0,3.0,36.1,13.9,22.7,41.3,46.8,46.6,21.5,15.6,27.5,32.4,52.5,50.1,30.5,23.5,15.3,26.0,22.0,34.8,45.0,38.6,54.5,46.1,54.2,60.2,22.6,38.3,18.2,22.5,53.3,64.1,32.4,43.6,31.8,16.8,20.5,22.5,22.8,31.3,46.6,26.9,32.4,27.9,30.1,41.6,36.2,26.1,41.1,38.1,40.3,25.6,53.2
45.0,81.4,72.3,82.0,77.6,82.5,73.4,74.3,79.1,42.4,46.1,47.4,51.2,46.1,53.2,51.7,53.2,56.6,4.0,5.4,10.2,0.0,10.0,2.0,10.2,5.0,60.4,62.6,57.7,58.3,54.1,56.6,53.2,49.2,54.1,84.4,83.8,81.0,78.2,77.6,82.5,72.3,76.5,81.4,78.4,79.6,78.2,55.2,2.0,7.3,43.9,21.2,29.2,49.2,57.0,55.9,31.6,22.4,25.5,33.5,60.4,60.2,39.1,29.2,25.5,35.4,32.0,44.1,55.0,47.9,64.2,55.9,64.3,66.9,25.0,35.0,21.2,17.1,60.2,71.6,42.6,53.8,40.2,26.2,29.4,29.2,26.9,33.8,55.4,27.0,42.1,38.1,40.2,51.5,46.2,35.8,51.2,38.3,49.0,33.1,62.6
35.0,71.6,62.6,72.3,68.0,72.8,63.9,65.0,69.6,36.1,39.1,40.6,43.9,40.3,46.1,45.5,47.2,50.0,10.8,5.4,2.0,10.0,0.0,10.2,2.0,11.2,57.0,58.5,54.1,53.9,50.3,52.0,49.3,46.1,49.2,75.0,74.3,71.5,68.6,68.0,72.8,62.6,66.7,71.6,68.7,69.9,68.6,48.4,10.2,3.6,37.7,15.8,21.2,40.3,47.4,46.1,22.4,14.1,25.5,30.4,51.5,50.2,32.0,25.5,15.8,25.5,22.0,36.1,45.0,38.1,54.2,47.2,55.0,58.9,20.6,36.4,20.2,20.8,52.0,63.0,32.8,43.9,30.9,16.3,22.0,24.4,21.0,29.4,45.9,28.8,32.1,28.5,30.9,42.5,37.1,27.2,41.8,36.1,39.6,24.4,52.8
45.0,81.0,71.8,81.6,77.1,82.0,72.8,73.7,78.4,41.0,44.8,46.1,50.0,44.6,51.9,50.2,51.7,55.2,6.0,6.4,10.8,2.0,10.2,0.0,10.0,3.0,62.2,64.4,59.5,60.0,55.9,58.3,55.0,51.1,55.8,85.1,84.4,81.6,78.7,78.2,83.0,72.8,76.9,81.8,78.9,79.1,77.6,53.8,4.0,8.1,45.3,22.7,28.2,48.5,57.6,55.6,32.3,21.5,23.5,31.8,59.6,60.4,40.4,30.9,26.0,35.1,32.1,45.2,55.0,47.5,64.1,56.8,65.0,65.7,23.4,33.0,23.1,15.1,59.2,70.7,43.0,54.1,39.6,26.0,30.6,30.8,25.5,32.2,54.8,29.0,42.0,38.6,40.9,52.3,47.0,36.7,51.9,36.4,48.5,32.3,62.4
35.1,71.2,62.1,71.8,67.4,72.3,63.2,64.3,68.9,34.4,37.5,39.1,42.4,38.6,44.6,43.8,45.5,48.4,11.7,6.4,4.0,10.2,2.0,10.0,0.0,10.4,58.9,60.4,56.0,55.7,52.2,53.9,51.2,48.1,51.1,75.8,75.0,72.2,69.3,68.6,73.4,63.2,67.2,72.0,69.1,69.4,68.0,46.9,10.8,5.0,39.4,17.7,19.8,39.4,48.1,45.7,23.3,12.8,23.5,28.4,50.5,50.5,33.6,27.5,16.6,25.2,22.2,37.5,45.0,37.7,54.1,48.3,55.9,57.6,18.7,34.5,22.2,19.2,50.8,61.9,33.2,44.4,30.1,16.0,23.6,26.2,19.2,27.5,45.2,30.7,32.0,29.2,31.8,43.6,38.1,28.4,42.5,34.1,38.9,23.3,52.5
45.3,80.6,71.2,81.0,76.5,81.4,72.0,72.8,77.6,39.1,43.0,44.2,48.3,42.4,50.0,48.1,49.5,53.2,9.0,8.6,12.2,5.0,11.2,3.0,10.4,0.0,65.0,67.1,62.2,62.6,58.6,60.9,57.7,53.9,58.3,86.2,85.4,82.6,79.7,79.1,83.8,73.7,77.6,82.5,79.6,78.4,76.9,51.9,7.0,9.9,47.6,25.0,26.9,47.4,58.5,55.2,33.5,20.6,20.6,29.2,58.5,60.8,42.4,33.5,26.9,35.0,32.6,47.0,55.2,47.2,64.0,58.3,66.2,64.1,21.2,30.0,26.0,12.2,57.7,69.4,43.7,54.8,38.8,26.1,32.6,33.3,23.6,29.8,54.1,32.0,42.0,39.6,42.0,53.7,48.3,38.3,52.9,33.6,47.9,31.3,62.1
58.5,89.0,85.8,91.4,90.1,93.0,89.2,91.8,94.3,85.1,85.6,87.6,88.3,90.1,91.2,93.5,95.5,96.2,56.8,56.6,55.1,60.4,57.0,62.2,58.9,65.0,0.0,5.0,3.0,7.1,7.0,8.6,8.0,11.2,11.2,61.7,62.6,60.0,59.9,61.0,65.2,58.3,64.0,68.0,65.6,91.3,91.8,94.2,58.6,56.0,23.5,41.2,70.0,77.6,50.0,71.6,45.3,65.2,82.5,85.6,85.4,61.0,30.4,31.6,50.0,60.8,54.5,33.2,62.6,67.7,71.6,39.1,47.4,97.7,75.7,93.4,39.4,76.9,90.8,96.8,50.9,53.9,69.2,58.0,38.0,32.8,74.2,83.2,76.3,37.5,60.4,47.5,44.0,40.5,42.0,39.6,46.6,91.8,72.4,69.2,73.9
57.0,86.0,83.2,88.5,87.5,90.1,86.8,89.4,91.8,85.0,85.1,87.1,87.6,90.0,90.6,93.1,95.1,95.5,59.2,58.6,56.6,62.6,58.5,64.4,60.4,67.1,5.0,0.0,5.8,5.0,8.6,7.0,9.4,14.1,10.0,57.3,58.3,55.8,55.8,57.0,61.0,54.5,60.2,64.0,61.7,88.5,89.2,93.5,60.9,57.8,23.0,42.7,70.2,76.5,47.2,69.6,45.0,65.8,83.8,86.3,83.8,58.3,30.0,33.5,50.2,60.2,54.0,31.8,60.4,66.2,69.0,36.1,43.9,96.3,76.5,94.9,41.9,78.8,89.5,94.9,49.5,51.4,68.5,58.1,38.5,34.2,74.8,83.7,74.6,41.0,59.2,46.5,42.8,38.0,40.2,39.1,44.3,92.6,71.1,69.0,71.6
55.7,86.7,83.2,89.0,87.7,90.6,86.6,89.2,91.8,82.2,82.6,84.6,85.3,87.1,88.3,90.6,92.5,93.2,54.1,53.9,52.2,57.7,54.1,59.5,56.0,62.2,3.0,5.8,0.0,5.4,4.0,6.4,5.0,8.6,8.6,60.4,61.3,58.6,58.3,59.4,63.6,56.4,62.2,66.3,63.8,88.8,89.3,91.2,55.9,53.1,20.6,38.3,67.0,74.7,47.6,68.9,42.3,62.2,79.6,82.6,82.6,58.6,27.5,28.8,47.0,57.9,51.5,30.5,60.0,64.8,69.1,36.8,45.5,94.9,72.7,90.5,36.7,74.1,87.9,94.0,48.1,51.3,66.3,55.0,35.0,29.8,71.3,80.2,73.5,35.4,57.6,44.6,41.1,38.0,39.4,36.7,44.1,88.8,69.6,66.2,71.3
52.2,82.0,78.9,84.4,83.2,86.0,82.4,85.0,87.5,80.0,80.2,82.2,82.6,85.0,85.6,88.1,90.1,90.6,54.9,54.1,52.0,58.3,53.9,60.0,55.7,62.6,7.1,5.0,5.4,0.0,5.4,2.0,5.8,11.2,5.0,55.0,55.9,53.2,53.0,54.1,58.3,51.2,57.0,61.0,58.6,84.3,84.9,88.6,56.6,53.2,18.0,38.1,65.2,71.6,43.0,65.0,40.0,60.8,79.1,81.4,79.1,54.1,25.0,29.2,45.3,55.2,49.0,26.9,55.9,61.4,64.7,32.0,40.4,91.5,71.6,90.1,37.8,74.2,84.6,90.2,44.6,47.0,63.5,53.2,33.5,29.5,69.9,78.8,69.9,37.8,54.3,41.6,37.9,33.6,35.5,34.1,39.8,87.7,66.2,64.0,67.1
52.0,83.6,79.9,85.9,84.4,87.5,83.2,85.8,88.5,78.2,78.6,80.6,81.4,83.2,84.3,86.6,88.6,89.3,50.6,50.2,48.4,54.1,50.3,55.9,52.2,58.6,7.0,8.6,4.0,5.4,0.0,5.0,1.0,5.8,5.8,58.9,59.6,56.9,56.4,57.3,61.7,54.1,59.9,64.1,61.6,85.6,86.0,87.3,52.4,49.4,16.8,34.5,63.0,70.9,44.6,65.3,38.3,58.2,75.7,78.6,78.9,55.4,23.5,25.1,43.0,53.9,47.5,26.8,56.6,61.1,65.8,34.0,43.0,91.1,68.7,86.7,33.3,70.4,84.1,90.4,44.4,48.0,62.4,51.0,31.0,26.0,67.3,76.2,69.9,32.6,53.8,40.8,37.3,34.8,35.8,32.8,40.8,84.9,65.8,62.2,68.0
50.3,80.4,77.2,82.8,81.5,84.4,80.6,83.2,85.8,78.0,78.2,80.2,80.6,83.0,83.6,86.1,88.1,88.6,53.3,52.4,50.2,56.6,52.0,58.3,53.9,60.9,8.6,7.0,6.4,2.0,5.0,0.0,5.1,10.4,3.0,54.2,55.0,52.3,52.0,53.0,57.3,50.0,55.8,59.9,57.4,82.7,83.2,86.6,54.9,51.4,16.0,36.2,63.2,69.6,41.4,63.2,38.0,58.9,77.2,79.4,77.2,52.4,23.0,27.5,43.3,53.2,47.0,25.0,54.1,59.5,63.0,30.5,39.1,89.6,69.6,88.3,36.2,72.4,82.7,88.4,42.7,45.3,61.5,51.2,31.6,27.7,67.9,76.8,68.0,36.6,52.4,39.6,35.9,31.9,33.6,32.1,38.1,85.7,64.3,62.0,65.4
51.1,82.9,79.1,85.1,83.6,86.7,82.4,84.9,87.7,77.2,77.6,79.6,80.4,82.2,83.4,85.6,87.6,88.3,49.7,49.2,47.4,53.2,49.3,55.0,51.2,57.7,8.0,9.4,5.0,5.8,1.0,5.1,0.0,5.4,5.4,58.5,59.2,56.5,55.9,56.8,61.3,53.5,59.4,63.6,61.1,84.8,85.2,86.3,51.5,48.5,15.8,33.5,62.0,69.9,43.9,64.4,37.3,57.2,74.7,77.6,78.0,54.7,22.6,24.2,42.0,53.0,46.5,25.9,55.8,60.2,65.0,33.3,42.4,90.1,67.7,85.7,32.4,69.5,83.2,89.5,43.5,47.2,61.4,50.0,30.0,25.0,66.3,75.2,68.9,32.0,52.8,39.8,36.4,34.1,35.0,31.8,40.0,83.9,64.8,61.2,67.1
51.5,84.9,80.4,87.0,85.1,88.5,83.6,86.0,89.0,75.7,76.5,78.4,79.6,80.6,82.5,84.3,86.3,87.3,45.6,45.5,44.1,49.2,46.1,51.1,48.1,53.9,11.2,14.1,8.6,11.2,5.8,10.4,5.4,0.0,10.0,62.6,63.2,60.4,59.6,60.4,65.0,56.8,62.6,67.1,64.4,86.5,86.7,85.4,47.4,44.9,16.4,30.4,60.2,69.6,46.1,65.2,36.4,55.0,71.6,75.2,78.3,56.6,22.4,20.6,40.3,52.2,45.6,27.0,57.0,60.4,66.6,36.1,45.7,90.1,65.2,82.5,28.2,65.8,83.0,89.9,43.9,48.8,60.7,48.4,28.3,22.1,64.0,73.0,69.4,26.9,52.8,39.8,36.7,36.1,36.2,31.4,41.7,81.3,64.9,59.8,68.4
47.4,78.1,74.6,80.4,79.1,82.0,78.0,80.6,83.2,75.0,75.2,77.2,77.6,80.0,80.6,83.2,85.1,85.6,50.8,49.7,47.4,54.1,49.2,55.8,51.1,58.3,11.2,10.0,8.6,5.0,5.8,3.0,5.4,10.0,0.0,53.1,53.9,51.1,50.5,51.5,55.9,48.3,54.1,58.3,55.8,80.2,80.7,83.6,52.4,48.8,13.0,33.5,60.2,66.7,39.1,60.4,35.0,55.9,74.3,76.5,74.3,50.0,20.0,25.0,40.3,50.2,44.0,22.1,51.5,56.6,60.5,28.3,37.2,86.7,66.7,85.4,34.0,69.8,79.8,85.6,39.8,42.7,58.5,48.2,28.6,25.1,64.9,73.8,65.2,35.0,49.5,36.7,33.0,29.4,30.9,29.1,35.5,82.8,61.4,59.0,62.8
44.2,42.0,46.1,45.0,47.3,47.0,50.0,53.0,52.2,75.8,72.6,74.2,71.3,79.6,73.8,79.1,80.7,78.0,83.2,79.1,74.3,84.4,75.0,85.1,75.8,86.2,61.7,57.3,60.4,55.0,58.9,54.2,58.5,62.6,53.1,0.0,2.0,3.6,7.1,8.6,7.0,13.5,13.0,12.0,12.4,47.1,49.3,76.3,83.8,77.2,50.2,66.1,69.2,58.6,27.7,44.7,52.8,70.5,91.3,86.5,57.7,29.7,50.0,65.0,59.2,55.2,54.6,43.1,36.8,48.8,35.8,30.1,20.4,69.6,80.2,101.2,73.3,93.1,65.7,63.3,42.9,32.4,58.0,61.8,56.9,62.1,76.4,82.1,50.8,80.0,48.4,46.6,44.3,33.5,38.3,49.2,33.2,92.0,52.6,64.7,40.2
43.0,40.0,44.1,43.0,45.3,45.0,48.1,51.0,50.2,74.3,71.1,72.6,69.6,78.1,72.1,77.4,79.1,76.3,82.7,78.4,73.7,83.8,74.3,84.4,75.0,85.4,62.6,58.3,61.3,55.9,59.6,55.0,59.2,63.2,53.9,2.0,0.0,3.0,5.8,7.1,5.0,12.2,11.2,10.0,10.4,45.1,47.3,74.6,83.2,76.5,50.5,65.8,68.0,57.0,26.9,43.0,52.2,69.5,90.1,85.1,55.9,28.3,50.0,65.0,58.5,54.1,53.7,43.0,35.4,47.4,34.0,30.0,20.1,67.8,79.1,100.0,73.2,92.1,64.0,61.4,42.0,31.4,56.6,60.8,56.6,62.0,75.2,80.8,49.1,80.0,47.2,45.9,43.7,33.2,37.9,48.8,32.6,90.6,51.1,63.4,38.5
40.6,40.1,43.6,43.1,45.0,45.1,47.5,50.5,50.0,72.3,69.2,70.8,68.0,76.2,70.5,75.7,77.4,74.8,79.8,75.6,70.8,81.0,71.5,81.6,72.2,82.6,60.0,55.8,58.6,53.2,56.9,52.3,56.5,60.4,51.1,3.6,3.0,0.0,3.6,5.4,5.8,9.9,10.2,10.4,10.0,45.0,47.0,73.1,80.4,73.7,47.5,62.8,65.6,55.2,24.2,41.3,49.3,66.9,87.7,82.9,54.6,26.2,47.0,62.0,55.7,51.6,51.0,40.0,33.3,45.3,32.7,27.0,17.1,66.7,76.6,97.6,70.2,89.5,62.6,60.6,39.4,28.8,54.5,58.2,53.6,59.0,72.8,78.6,47.5,77.0,44.8,43.1,40.8,30.3,34.9,45.9,29.7,88.4,49.2,61.1,37.2
37.2,37.3,40.3,40.3,42.0,42.3,44.3,47.3,47.0,68.8,65.6,67.2,64.4,72.6,66.9,72.1,73.8,71.2,77.1,72.8,68.0,78.2,68.6,78.7,69.3,79.7,59.9,55.8,58.3,53.0,56.4,52.0,55.9,59.6,50.5,7.1,5.8,3.6,0.0,2.0,5.4,6.4,7.0,8.6,7.3,42.0,44.0,69.5,77.6,70.9,46.1,60.4,62.2,51.6,21.2,37.7,46.6,63.6,84.3,79.4,51.1,22.7,45.1,60.1,52.8,48.3,47.9,38.1,29.7,41.8,29.2,25.2,15.0,63.2,73.2,94.2,68.0,86.3,59.1,57.3,36.2,25.6,50.9,55.0,51.2,57.0,69.4,75.1,43.9,75.2,41.4,40.2,38.1,28.0,32.4,43.4,26.9,84.9,45.6,57.6,33.6
36.1,35.4,38.3,38.3,40.0,40.3,42.3,45.3,45.0,67.3,64.0,65.6,62.7,71.1,65.2,70.5,72.1,69.5,76.7,72.3,67.4,77.6,68.0,78.2,68.6,79.1,61.0,57.0,59.4,54.1,57.3,53.0,56.8,60.4,51.5,8.6,7.1,5.4,2.0,0.0,5.0,5.4,5.0,7.1,5.4,40.0,42.0,67.7,77.1,70.3,46.6,60.2,61.0,50.0,20.6,36.1,46.1,62.6,83.2,78.1,49.2,21.2,45.3,60.2,52.2,47.2,47.0,38.2,28.3,40.3,27.3,25.5,15.3,61.4,72.1,93.0,68.0,85.4,57.3,55.3,35.5,24.6,49.6,54.1,51.1,57.1,68.2,73.8,42.2,75.3,40.2,39.6,37.7,28.0,32.1,43.2,26.5,83.5,44.0,56.4,31.8
40.3,35.0,39.3,38.0,40.3,40.0,43.2,46.1,45.3,70.7,67.3,68.8,65.6,74.3,68.0,73.4,75.0,72.1,81.6,77.1,72.3,82.5,72.8,83.0,73.4,83.8,65.2,61.0,63.6,58.3,61.7,57.3,61.3,65.0,55.9,7.0,5.0,5.8,5.4,5.0,0.0,10.2,7.1,5.0,5.8,40.1,42.3,70.5,82.0,75.2,51.4,65.2,65.2,53.2,25.5,39.1,51.0,67.1,87.5,82.0,51.5,25.0,50.2,65.2,57.0,51.5,51.6,43.2,32.0,43.9,29.7,30.4,20.2,63.2,76.3,97.1,73.0,90.0,59.5,56.6,40.2,29.2,53.4,58.7,56.1,62.1,72.4,77.6,45.0,80.3,44.4,44.4,42.6,33.0,37.1,48.2,31.4,87.3,47.4,60.5,34.1
30.8,34.5,36.0,37.4,38.3,39.3,40.0,43.0,43.3,62.5,59.4,61.0,58.3,66.4,60.9,66.0,67.7,65.3,71.4,66.9,62.1,72.3,62.6,72.8,63.2,73.7,58.3,54.5,56.4,51.2,54.1,50.0,53.5,56.8,48.3,13.5,12.2,9.9,6.4,5.4,10.2,0.0,5.8,10.4,7.6,38.6,40.3,63.5,71.8,65.0,42.4,55.1,55.8,45.5,15.3,31.8,40.8,57.3,77.9,73.0,45.5,16.4,40.6,55.4,46.8,41.9,41.6,33.5,23.4,35.5,23.8,21.2,11.2,58.0,66.9,87.8,63.0,80.1,53.5,52.5,30.1,19.2,44.6,48.8,46.0,52.2,63.0,68.7,38.0,70.6,35.0,34.2,32.4,23.2,27.0,38.1,21.2,78.5,39.4,51.2,28.2
33.5,30.4,33.4,33.4,35.0,35.4,37.3,40.3,40.0,63.6,60.2,61.7,58.6,67.3,61.0,66.4,68.0,65.2,75.8,71.2,66.3,76.5,66.7,76.9,67.2,77.6,64.0,60.2,62.2,57.0,59.9,55.8,59.4,62.6,54.1,13.0,11.2,10.2,7.0,5.0,7.1,5.8,0.0,5.0,2.0,35.1,37.0,63.5,76.1,69.2,48.1,60.0,58.3,46.1,20.0,32.0,45.3,60.4,80.6,75.0,44.7,18.0,46.1,60.8,51.0,44.7,45.2,39.1,25.0,36.9,22.8,26.9,17.0,56.6,69.5,90.1,68.2,83.4,52.8,50.4,34.0,22.8,46.4,52.2,51.0,57.6,65.5,70.6,38.0,76.0,37.6,38.5,37.1,28.6,32.1,43.0,26.0,80.3,40.3,53.5,27.3
38.1,30.0,34.5,33.0,35.4,35.0,38.3,41.2,40.3,67.3,63.6,65.1,61.7,70.7,64.0,69.5,71.1,68.0,80.8,76.1,71.2,81.4,71.6,81.8,72.0,82.5,68.0,64.0,66.3,61.0,64.1,59.9,63.6,67.1,58.3,12.0,10.0,10.4,8.6,7.1,5.0,10.4,5.0,0.0,3.0,35.1,37.3,66.4,81.0,74.1,52.8,65.0,62.6,49.5,25.0,35.4,50.2,65.0,85.0,79.1,47.2,22.4,51.0,65.8,55.9,49.2,50.0,43.9,29.2,40.8,25.6,31.6,21.5,58.6,73.8,94.3,73.2,88.0,55.2,51.9,38.8,27.7,50.5,56.9,56.0,62.5,69.8,74.6,41.1,80.9,42.0,43.4,42.0,33.5,37.1,48.0,31.0,84.2,43.9,57.8,30.0
35.3,30.1,33.7,33.1,35.1,35.1,37.7,40.6,40.0,65.1,61.6,63.0,59.8,68.6,62.2,67.6,69.2,66.3,77.8,73.2,68.2,78.4,68.7,78.9,69.1,79.6,65.6,61.7,63.8,58.6,61.6,57.4,61.1,64.4,55.8,12.4,10.4,10.0,7.3,5.4,5.8,7.6,2.0,3.0,0.0,35.0,37.1,64.6,78.1,71.2,50.0,62.0,60.0,47.4,22.0,33.3,47.3,62.2,82.4,76.6,45.7,19.7,48.1,62.8,53.0,46.5,47.1,41.0,26.6,38.4,23.9,28.8,18.8,57.4,71.2,91.8,70.2,85.2,53.7,51.0,35.9,24.7,48.0,54.1,53.0,59.5,67.2,72.2,39.2,77.9,39.4,40.4,39.1,30.6,34.1,45.0,28.0,81.8,41.7,55.2,28.3
37.7,5.8,7.3,3.6,2.0,3.0,7.3,8.6,5.4,48.1,43.2,43.7,38.9,49.3,39.9,45.7,46.5,42.1,80.7,75.3,70.5,79.6,69.9,79.1,69.4,78.4,91.3,88.5,88.8,84.3,85.6,82.7,84.8,86.5,80.2,47.1,45.1,45.0,42.0,40.0,40.1,38.6,35.1,35.1,35.0,0.0,2.8,41.1,80.1,73.4,70.1,71.2,52.2,32.0,41.3,24.2,55.8,57.9,72.2,62.8,22.6,30.2,65.1,76.6,57.7,44.6,49.7,59.5,29.7,32.0,19.8,52.5,46.2,28.4,62.0,78.4,80.6,79.1,28.6,19.8,44.2,37.6,39.6,53.8,64.6,73.0,58.0,58.5,24.3,90.2,38.9,49.4,51.1,50.8,50.2,57.6,44.8,66.0,30.6,47.4,18.6
37.2,8.6,6.4,6.4,2.0,5.4,5.0,5.8,3.0,45.7,40.8,41.2,36.4,46.8,37.3,43.1,43.9,39.4,79.4,74.0,69.3,78.2,68.6,77.6,68.0,76.9,91.8,89.2,89.3,84.9,86.0,83.2,85.2,86.7,80.7,49.3,47.3,47.0,44.0,42.0,42.3,40.3,37.0,37.3,37.1,2.8,0.0,38.5,78.7,72.1,70.3,70.5,50.5,30.1,42.1,23.3,55.2,56.3,70.1,60.5,20.2,30.9,65.1,76.2,56.8,43.5,48.8,59.7,29.7,30.9,20.2,53.2,47.4,25.6,60.0,76.1,79.9,77.2,26.0,17.0,43.9,38.0,38.1,52.6,64.2,72.6,56.1,56.3,22.8,89.6,38.1,49.0,50.9,51.3,50.4,57.4,45.2,63.6,29.1,45.7,18.4
38.3,46.1,36.1,44.7,39.4,43.9,34.0,32.7,37.3,12.8,9.4,7.8,6.0,10.4,3.0,5.0,5.4,2.0,58.0,53.2,50.0,55.2,48.4,53.8,46.9,51.9,94.2,93.5,91.2,88.6,87.3,86.6,86.3,85.4,83.6,76.3,74.6,73.1,69.5,67.7,70.5,63.5,63.5,66.4,64.6,41.1,38.5,0.0,56.6,51.9,70.7,58.6,27.5,18.7,55.1,31.8,49.0,34.4,37.3,26.2,19.8,47.4,63.8,67.8,45.5,33.4,39.8,62.1,40.9,29.8,40.8,63.8,64.2,15.0,30.8,40.1,66.7,47.0,12.5,23.3,45.0,48.8,25.1,37.7,57.3,64.8,28.3,23.3,25.6,76.3,35.1,47.1,51.0,59.4,55.1,54.6,53.8,27.1,25.0,26.0,36.4
45.0,81.8,72.8,82.5,78.2,83.0,74.0,75.0,79.7,43.9,47.4,48.8,52.5,47.6,54.5,53.2,54.7,58.0,2.0,5.0,10.0,2.0,10.2,4.0,10.8,7.0,58.6,60.9,55.9,56.6,52.4,54.9,51.5,47.4,52.4,83.8,83.2,80.4,77.6,77.1,82.0,71.8,76.1,81.0,78.1,80.1,78.7,56.6,0.0,7.0,42.4,19.8,30.2,50.1,56.5,56.3,31.0,23.3,27.5,35.3,61.3,60.1,37.8,27.5,25.2,35.7,32.0,43.0,55.0,48.3,64.4,55.0,63.6,68.0,26.6,37.0,19.3,19.1,61.3,72.6,42.3,53.5,40.9,26.5,28.3,27.7,28.3,35.5,56.0,25.0,42.3,37.7,39.6,50.7,45.5,34.9,50.7,40.2,49.6,34.0,63.0
38.1,75.0,66.1,75.7,71.5,76.2,67.4,68.5,73.2,39.4,42.5,44.0,47.4,43.6,49.6,48.8,50.5,53.4,7.3,2.0,3.0,7.3,3.6,8.1,5.0,9.9,56.0,57.8,53.1,53.2,49.4,51.4,48.5,44.9,48.8,77.2,76.5,73.7,70.9,70.3,75.2,65.0,69.2,74.1,71.2,73.4,72.1,51.9,7.0,0.0,37.8,15.3,24.8,43.9,49.7,49.5,24.4,17.7,27.1,33.0,55.1,53.1,32.5,24.4,18.2,28.9,25.0,37.2,48.0,41.5,57.4,48.8,57.0,62.5,23.4,37.7,18.0,21.0,55.6,66.6,35.4,46.5,34.4,19.6,22.7,23.7,24.2,32.3,49.4,26.0,35.4,30.8,32.9,44.3,39.0,28.7,44.0,38.5,43.1,28.0,56.1
35.3,68.6,64.0,70.7,68.8,72.1,67.2,69.6,72.6,62.0,62.2,64.2,64.8,67.0,67.7,70.2,72.2,72.7,41.0,39.1,36.1,43.9,37.7,45.3,39.4,47.6,23.5,23.0,20.6,18.0,16.8,16.0,15.8,16.4,13.0,50.2,50.5,47.5,46.1,46.6,51.4,42.4,48.1,52.8,50.0,70.1,70.3,70.7,42.4,37.8,0.0,22.7,47.3,54.1,30.2,48.9,22.0,43.2,62.2,63.8,62.2,40.4,7.0,16.6,27.5,37.3,31.1,10.6,40.6,44.4,50.2,21.2,31.3,74.3,54.1,73.4,25.9,58.5,67.4,73.8,27.7,32.5,45.7,35.2,16.2,15.0,52.2,61.0,53.2,30.4,37.0,24.0,20.6,20.2,19.8,16.1,25.5,70.1,49.0,46.0,52.0
33.5,71.6,64.1,72.9,69.5,73.8,66.3,68.0,72.1,47.4,49.2,51.1,53.2,52.2,55.9,56.6,58.5,60.4,18.6,16.4,13.9,21.2,15.8,22.7,17.7,25.0,41.2,42.7,38.3,38.1,34.5,36.2,33.5,30.4,33.5,66.1,65.8,62.8,60.4,60.2,65.2,55.1,60.0,65.0,62.0,71.2,70.5,58.6,19.8,15.3,22.7,0.0,31.6,46.1,40.0,47.2,15.8,25.5,41.2,45.0,56.6,46.1,18.0,10.0,14.1,28.3,22.0,23.8,42.7,40.0,52.9,36.4,45.7,66.4,35.0,52.2,9.4,36.2,59.2,68.6,28.2,38.5,36.2,21.1,9.2,8.5,34.2,43.2,49.0,19.2,32.4,22.8,23.1,32.6,28.1,17.0,34.0,51.0,43.2,32.6,52.8
25.0,55.0,45.1,55.1,50.2,55.2,45.5,46.1,51.0,15.8,18.0,19.7,22.7,20.6,25.0,25.1,26.9,29.2,31.4,26.2,22.7,29.2,21.2,28.2,19.8,26.9,70.0,70.2,67.0,65.2,63.0,63.2,62.0,60.2,60.2,69.2,68.0,65.6,62.2,61.0,65.2,55.8,58.3,62.6,60.0,52.2,50.5,27.5,30.2,24.8,47.3,31.6,0.0,20.6,42.4,30.4,25.5,7.1,22.4,18.0,31.6,40.3,40.3,41.2,20.0,14.1,17.5,40.8,33.5,22.8,40.3,47.2,51.7,37.8,11.2,32.0,39.4,27.1,31.1,42.5,27.8,36.9,13.2,12.0,32.0,38.6,7.2,14.3,28.0,48.9,20.8,26.8,30.9,42.2,36.7,31.8,38.4,24.2,22.0,5.1,37.5
20.0,35.4,25.1,35.1,30.0,35.0,25.1,25.5,30.4,18.0,14.1,15.6,13.0,21.2,15.8,20.6,22.4,20.6,51.0,45.7,41.3,49.2,40.3,48.5,39.4,47.4,77.6,76.5,74.7,71.6,70.9,69.6,69.9,69.6,66.7,58.6,57.0,55.2,51.6,50.0,53.2,45.5,46.1,49.5,47.4,32.0,30.1,18.7,50.1,43.9,54.1,46.1,20.6,0.0,36.4,14.1,33.5,26.9,40.3,31.6,11.2,29.2,47.4,54.1,32.0,18.0,24.7,44.7,22.4,11.2,24.2,45.3,45.5,20.6,30.0,47.4,55.2,47.1,13.4,22.8,27.2,30.1,9.9,25.5,42.5,50.8,26.0,27.2,8.9,65.1,17.3,30.1,33.7,41.0,37.1,38.3,35.2,35.8,6.3,16.2,20.2
18.0,39.1,36.2,41.4,40.3,43.0,39.9,42.7,44.7,51.5,49.2,51.1,49.3,55.9,52.2,56.6,58.5,57.0,56.1,51.7,46.8,57.0,47.4,57.6,48.1,58.5,50.0,47.2,47.6,43.0,44.6,41.4,43.9,46.1,39.1,27.7,26.9,24.2,21.2,20.6,25.5,15.3,20.0,25.0,22.0,41.3,42.1,55.1,56.5,49.7,30.2,40.0,42.4,36.4,0.0,25.0,25.5,43.0,64.0,60.2,40.0,11.2,26.9,41.2,31.6,28.3,26.9,20.1,15.0,25.3,21.9,11.2,9.4,53.0,53.2,74.3,48.3,65.4,47.2,49.6,15.3,6.3,32.8,34.1,31.1,37.9,49.5,56.1,31.1,56.3,22.2,19.0,17.1,10.0,12.2,23.0,6.0,66.1,30.1,38.3,25.0
14.1,25.5,17.0,26.2,22.4,26.9,19.2,21.2,25.0,32.0,28.3,29.7,26.6,35.4,29.2,34.4,36.1,33.5,56.8,51.4,46.6,55.9,46.1,55.6,45.7,55.2,71.6,69.6,68.9,65.0,65.3,63.2,64.4,65.2,60.4,44.7,43.0,41.3,37.7,36.1,39.1,31.8,32.0,35.4,33.3,24.2,23.3,31.8,56.3,49.5,48.9,47.2,30.4,14.1,25.0,0.0,32.0,35.0,52.2,44.7,15.0,15.8,43.0,53.2,33.5,20.6,25.5,38.5,10.0,8.1,10.3,35.4,33.4,28.0,41.2,60.4,56.6,57.4,22.4,25.3,21.4,19.1,17.3,29.8,41.1,49.6,37.1,40.2,6.3,66.3,14.8,26.2,28.6,32.0,29.5,34.7,25.7,49.4,8.9,25.3,7.1
18.0,55.9,48.8,57.3,54.1,58.3,51.2,53.2,57.0,40.0,40.3,42.3,43.2,45.0,46.1,48.3,50.2,51.0,30.6,26.2,21.5,31.6,22.4,32.3,23.3,33.5,45.3,45.0,42.3,40.0,38.3,38.0,37.3,36.4,35.0,52.8,52.2,49.3,46.6,46.1,51.0,40.8,45.3,50.2,47.3,55.8,55.2,49.0,31.0,24.4,22.0,15.8,25.5,33.5,25.5,32.0,0.0,22.4,43.0,42.7,43.0,30.4,15.0,21.2,7.1,15.8,9.2,15.7,26.9,25.5,37.2,25.0,32.7,54.1,33.5,54.1,25.1,41.9,47.0,55.0,12.4,23.0,24.4,13.6,9.2,17.7,31.0,39.6,34.7,34.5,17.7,7.1,8.5,20.2,14.8,6.3,19.6,49.0,29.4,24.0,37.2
26.9,60.2,50.6,60.5,55.9,60.8,51.4,52.2,57.0,22.4,25.0,26.6,29.7,26.9,32.0,31.8,33.5,36.1,24.4,19.2,15.6,22.4,14.1,21.5,12.8,20.6,65.2,65.8,62.2,60.8,58.2,58.9,57.2,55.0,55.9,70.5,69.5,66.9,63.6,62.6,67.1,57.3,60.4,65.0,62.2,57.9,56.3,34.4,23.3,17.7,43.2,25.5,7.1,26.9,43.0,35.0,22.4,0.0,21.2,20.6,38.1,42.7,36.4,35.4,15.8,15.8,16.3,38.0,36.4,27.0,44.3,46.1,51.9,44.8,11.2,32.0,32.7,23.1,38.0,49.2,27.8,38.1,18.2,9.2,27.3,33.1,9.1,18.0,33.5,42.1,23.1,25.5,29.2,41.1,35.5,28.6,38.3,26.9,27.3,10.8,42.0
47.2,75.7,65.4,75.3,70.2,75.2,65.1,65.0,70.0,25.5,30.4,30.8,35.7,26.9,36.4,32.7,33.5,38.1,29.4,27.0,27.5,25.5,25.5,23.5,23.5,20.6,82.5,83.8,79.6,79.1,75.7,77.2,74.7,71.6,74.3,91.3,90.1,87.7,84.3,83.2,87.5,77.9,80.6,85.0,82.4,72.2,70.1,37.3,27.5,27.1,62.2,41.2,22.4,40.3,64.0,52.2,43.0,21.2,0.0,11.2,50.0,62.6,55.9,51.0,36.1,36.1,37.5,58.5,55.9,44.9,62.3,67.3,73.0,51.7,11.2,11.2,45.0,10.6,46.5,58.7,48.9,58.8,35.1,30.4,46.1,49.7,15.2,14.3,48.8,52.2,43.0,46.7,50.3,62.3,56.6,49.1,59.5,13.6,43.4,27.3,59.2
42.4,66.7,56.3,66.1,60.8,65.8,55.6,55.2,60.2,15.0,20.0,20.1,25.1,15.8,25.5,21.5,22.4,26.9,37.2,33.5,32.4,33.5,30.4,31.8,28.4,29.2,85.6,86.3,82.6,81.4,78.6,79.4,77.6,75.2,76.5,86.5,85.1,82.9,79.4,78.1,82.0,73.0,75.0,79.1,76.6,62.8,60.5,26.2,35.3,33.0,63.8,45.0,18.0,31.6,60.2,44.7,42.7,20.6,11.2,0.0,40.3,57.0,57.0,55.0,36.4,32.0,35.4,58.3,50.0,38.3,55.0,65.2,69.5,40.8,10.0,15.8,50.6,21.4,36.1,48.2,45.8,54.5,28.6,29.2,47.9,53.1,11.7,4.5,40.5,58.9,38.2,44.8,48.8,60.2,54.7,49.0,56.4,6.3,35.8,21.9,51.5
26.9,26.9,16.6,26.0,20.6,25.5,15.3,15.0,20.0,25.5,20.6,21.2,16.6,26.9,18.0,23.9,25.0,21.2,62.2,56.8,52.5,60.4,51.5,59.6,50.5,58.5,85.4,83.8,82.6,79.1,78.9,77.2,78.0,78.3,74.3,57.7,55.9,54.6,51.1,49.2,51.5,45.5,44.7,47.2,45.7,22.6,20.2,19.8,61.3,55.1,62.2,56.6,31.6,11.2,40.0,15.0,43.0,38.1,50.0,40.3,0.0,30.4,55.9,64.0,42.4,28.3,34.7,52.2,25.0,17.9,21.9,50.2,48.3,13.0,40.3,55.9,65.8,57.6,8.1,12.0,34.5,34.1,20.8,36.4,52.2,60.6,36.5,36.1,9.2,75.7,25.6,38.5,41.6,46.7,43.7,47.0,40.4,43.4,13.6,27.3,17.5
15.8,28.3,25.1,30.5,29.2,32.0,28.8,31.6,33.5,46.1,43.0,44.7,42.1,50.0,44.7,49.7,51.5,49.2,60.0,55.1,50.1,60.2,50.2,60.4,50.5,60.8,61.0,58.3,58.6,54.1,55.4,52.4,54.7,56.6,50.0,29.7,28.3,26.2,22.7,21.2,25.0,16.4,18.0,22.4,19.7,30.2,30.9,47.4,60.1,53.1,40.4,46.1,40.3,29.2,11.2,15.8,30.4,42.7,62.6,57.0,30.4,0.0,36.1,49.2,35.0,26.9,28.3,29.8,7.1,19.1,10.8,22.4,18.0,43.3,51.5,72.1,55.1,65.8,38.1,39.1,18.1,8.1,28.4,34.9,37.9,45.7,47.5,52.6,22.1,63.9,19.7,23.3,23.4,20.6,20.8,30.1,14.9,62.4,23.0,35.5,14.1
29.2,64.0,58.7,65.9,63.6,67.3,61.7,64.0,67.3,55.0,55.2,57.2,57.9,60.0,60.8,63.2,65.2,65.8,36.6,34.0,30.5,39.1,32.0,40.4,33.6,42.4,30.4,30.0,27.5,25.0,23.5,23.0,22.6,22.4,20.0,50.0,50.0,47.0,45.1,45.3,50.2,40.6,46.1,51.0,48.1,65.1,65.1,63.8,37.8,32.5,7.0,18.0,40.3,47.4,26.9,43.0,15.0,36.4,55.9,57.0,55.9,36.1,0.0,15.0,20.6,30.4,24.1,7.1,35.4,38.0,45.3,20.0,30.1,67.8,47.4,67.1,23.5,52.8,60.7,67.6,21.6,28.0,38.8,28.3,10.0,12.2,45.4,54.1,47.0,30.1,30.5,17.5,14.4,17.5,15.3,9.2,21.5,63.3,42.5,39.0,46.7
39.1,76.3,69.8,77.9,75.0,79.1,72.3,74.3,78.1,57.0,58.5,60.4,62.2,61.8,65.0,66.1,68.0,69.6,25.8,25.1,23.5,29.2,25.5,30.9,27.5,33.5,31.6,33.5,28.8,29.2,25.1,27.5,24.2,20.6,25.0,65.0,65.0,62.0,60.1,60.2,65.2,55.4,60.8,65.8,62.8,76.6,76.2,67.8,27.5,24.4,16.6,10.0,41.2,54.1,41.2,53.2,21.2,35.4,51.0,55.0,64.0,49.2,15.0,0.0,22.4,36.1,29.4,22.0,47.2,46.7,57.5,35.0,45.0,74.6,45.0,61.8,9.4,45.3,67.4,76.1,32.4,41.2,44.4,30.1,12.0,3.6,44.2,53.2,55.9,15.1,38.9,27.2,25.9,32.2,29.1,19.2,35.4,61.0,50.4,41.8,58.0
20.6,58.5,50.5,59.6,55.9,60.4,52.5,54.1,58.3,35.4,36.4,38.3,39.9,40.3,42.7,44.1,46.1,47.4,25.0,20.2,15.3,25.5,15.8,26.0,16.6,26.9,50.0,50.2,47.0,45.3,43.0,43.3,42.0,40.3,40.3,59.2,58.5,55.7,52.8,52.2,57.0,46.8,51.0,55.9,53.0,57.7,56.8,45.5,25.2,18.2,27.5,14.1,20.0,32.0,31.6,33.5,7.1,15.8,36.1,36.4,42.4,35.0,20.6,22.4,0.0,14.1,8.1,22.5,30.4,26.1,40.3,32.0,39.4,52.4,26.9,47.2,23.4,34.8,45.2,54.5,17.1,28.3,22.2,8.1,12.0,19.3,24.7,33.5,35.0,33.3,18.8,12.6,15.3,27.2,21.6,13.0,26.0,42.7,29.1,19.6,39.6
11.2,46.1,37.3,46.8,42.7,47.4,38.9,40.3,44.7,25.5,25.0,27.0,27.5,30.4,30.4,33.0,35.0,35.4,36.1,30.8,26.0,35.4,25.5,35.1,25.2,35.0,60.8,60.2,57.9,55.2,53.9,53.2,53.0,52.2,50.2,55.2,54.1,51.6,48.3,47.2,51.5,41.9,44.7,49.2,46.5,44.6,43.5,33.4,35.7,28.9,37.3,28.3,14.1,18.0,28.3,20.6,15.8,15.8,36.1,32.0,28.3,26.9,30.4,36.1,14.1,0.0,6.7,29.1,20.6,12.6,29.0,33.5,37.5,38.6,25.0,46.1,37.5,38.9,31.4,40.3,13.9,22.8,8.5,9.2,24.6,32.8,21.3,28.0,21.1,47.4,7.3,14.1,18.2,28.6,23.4,21.2,24.4,38.0,15.0,10.3,27.3
13.0,50.6,42.5,51.6,47.9,52.4,44.4,46.0,50.2,31.1,31.1,33.1,34.0,36.1,36.9,39.1,41.1,41.8,32.1,27.0,22.0,32.0,22.0,32.1,22.2,32.6,54.5,54.0,51.5,49.0,47.5,47.0,46.5,45.6,44.0,54.6,53.7,51.0,47.9,47.0,51.6,41.6,45.2,50.0,47.1,49.7,48.8,39.8,32.0,25.0,31.1,22.0,17.5,24.7,26.9,25.5,9.2,16.3,37.5,35.4,34.7,28.3,24.1,29.4,8.1,6.7,0.0,23.5,23.0,18.0,32.6,30.0,35.6,45.3,27.0,48.2,31.4,38.5,38.1,46.8,11.7,22.5,15.2,7.2,17.9,26.1,23.9,31.8,27.0,41.2,10.8,9.4,13.4,25.0,19.4,15.0,22.0,41.6,21.2,15.1,31.6
25.3,58.1,53.4,60.1,58.1,61.5,56.6,59.1,62.0,54.5,54.0,56.0,56.1,59.4,59.1,62.0,64.0,64.1,42.1,38.8,34.8,44.1,36.1,45.2,37.5,47.0,33.2,31.8,30.5,26.9,26.8,25.0,25.9,27.0,22.1,43.1,43.0,40.0,38.1,38.2,43.2,33.5,39.1,43.9,41.0,59.5,59.7,62.1,43.0,37.2,10.6,23.8,40.8,44.7,20.1,38.5,15.7,38.0,58.5,58.3,52.2,29.8,7.1,22.0,22.5,29.1,23.5,0.0,30.0,34.5,39.6,13.0,23.0,64.6,49.2,69.6,30.3,56.6,57.7,63.6,17.7,21.9,37.0,29.2,14.8,19.0,46.6,55.0,43.1,37.1,27.5,15.0,11.0,10.4,9.2,9.4,15.0,64.6,39.3,38.6,41.4
10.0,29.2,23.4,30.8,28.3,32.0,26.6,29.2,32.0,39.1,36.1,37.7,35.3,43.0,38.1,42.9,44.7,42.7,55.1,50.0,45.0,55.0,45.0,55.0,45.0,55.2,62.6,60.4,60.0,55.9,56.6,54.1,55.8,57.0,51.5,36.8,35.4,33.3,29.7,28.3,32.0,23.4,25.0,29.2,26.6,29.7,29.7,40.9,55.0,48.0,40.6,42.7,33.5,22.4,15.0,10.0,26.9,36.4,55.9,50.0,25.0,7.1,35.4,47.2,30.4,20.6,23.0,30.0,0.0,12.0,10.3,25.5,23.5,38.0,44.7,65.2,52.0,59.5,32.2,34.9,14.8,9.2,21.4,29.2,35.4,43.6,40.7,45.6,16.1,61.3,13.3,20.1,21.4,22.5,20.8,28.0,16.2,55.3,16.1,28.7,11.4
9.2,33.5,24.7,34.2,30.1,34.8,26.4,28.0,32.2,27.0,24.2,25.9,24.0,31.1,26.9,31.4,33.2,31.8,48.8,43.4,38.6,47.9,38.1,47.5,37.7,47.2,67.7,66.2,64.8,61.4,61.1,59.5,60.2,60.4,56.6,48.8,47.4,45.3,41.8,40.3,43.9,35.5,36.9,40.8,38.4,32.0,30.9,29.8,48.3,41.5,44.4,40.0,22.8,11.2,25.3,8.1,25.5,27.0,44.9,38.3,17.9,19.1,38.0,46.7,26.1,12.6,18.0,34.5,12.0,0.0,17.5,34.1,34.5,30.1,33.8,53.7,49.4,49.6,23.3,29.7,16.8,19.0,9.8,21.8,34.7,43.2,29.7,33.8,9.2,59.2,7.8,20.6,23.8,30.0,26.3,29.2,24.1,43.4,5.0,17.7,15.0
19.6,18.9,14.3,20.6,18.6,21.9,18.0,20.9,22.8,42.2,38.3,39.6,36.1,45.3,38.4,43.9,45.5,42.4,64.6,59.4,54.5,64.2,54.2,64.1,54.1,64.0,71.6,69.0,69.1,64.7,65.8,63.0,65.0,66.6,60.5,35.8,34.0,32.7,29.2,27.3,29.7,23.8,22.8,25.6,23.9,19.8,20.2,40.8,64.4,57.4,50.2,52.9,40.3,24.2,21.9,10.3,37.2,44.3,62.3,55.0,21.9,10.8,45.3,57.5,40.3,29.0,32.6,39.6,10.3,17.5,0.0,33.1,28.3,34.2,51.2,70.7,62.2,67.1,30.0,29.0,25.1,17.8,27.2,38.1,45.7,53.9,47.1,50.5,15.6,71.6,22.1,30.4,31.6,31.1,30.4,38.3,25.0,59.7,19.2,35.2,4.5
25.5,50.0,47.4,52.4,51.5,54.1,51.1,53.9,55.9,58.5,57.0,58.9,57.9,63.2,60.8,64.8,66.7,65.8,54.2,50.5,46.1,55.9,47.2,56.8,48.3,58.3,39.1,36.1,36.8,32.0,34.0,30.5,33.3,36.1,28.3,30.1,30.0,27.0,25.2,25.5,30.4,21.2,26.9,31.6,28.8,52.5,53.2,63.8,55.0,48.8,21.2,36.4,47.2,45.3,11.2,35.4,25.0,46.1,67.3,65.2,50.2,22.4,20.0,35.0,32.0,33.5,30.0,13.0,25.5,34.1,33.1,0.0,10.2,63.2,57.0,78.1,43.3,66.8,57.0,60.4,19.7,16.3,39.8,36.9,27.2,32.1,53.8,61.4,41.1,50.0,29.1,20.6,17.0,5.0,10.6,20.1,10.0,71.3,39.1,43.8,36.1
27.5,42.9,42.2,45.6,45.5,47.4,46.1,49.0,50.3,60.9,58.6,60.4,58.5,65.3,61.4,65.9,67.8,66.1,62.9,58.9,54.2,64.3,55.0,65.0,55.9,66.2,47.4,43.9,45.5,40.4,43.0,39.1,42.4,45.7,37.2,20.4,20.1,17.1,15.0,15.3,20.2,11.2,17.0,21.5,18.8,46.2,47.4,64.2,63.6,57.0,31.3,45.7,51.7,45.5,9.4,33.4,32.7,51.9,73.0,69.5,48.3,18.0,30.1,45.0,39.4,37.5,35.6,23.0,23.5,34.5,28.3,10.2,0.0,61.2,62.2,83.5,53.1,73.8,55.7,57.1,24.1,15.7,42.2,42.8,36.5,42.0,58.7,65.4,39.6,60.1,31.6,26.9,24.2,13.2,18.0,28.9,13.6,75.4,39.2,47.6,32.1
39.3,34.0,25.0,32.0,26.9,30.8,21.9,19.8,23.9,26.2,21.5,20.9,16.2,25.2,15.3,20.0,20.1,15.1,69.2,64.0,60.2,66.9,58.9,65.7,57.6,64.1,97.7,96.3,94.9,91.5,91.1,89.6,90.1,90.1,86.7,69.6,67.8,66.7,63.2,61.4,63.2,58.0,56.6,58.6,57.4,28.4,25.6,15.0,68.0,62.5,74.3,66.4,37.8,20.6,53.0,28.0,54.1,44.8,51.7,40.8,13.0,43.3,67.8,74.6,52.4,38.6,45.3,64.6,38.0,30.1,34.2,63.2,61.2,0.0,43.9,55.1,75.3,60.7,7.2,8.9,46.8,47.0,30.2,45.5,63.1,71.3,40.7,37.4,22.1,85.1,37.3,50.3,53.8,59.5,56.3,58.7,53.3,42.0,25.3,34.7,29.8
36.1,65.2,55.0,65.0,60.0,65.0,55.0,55.2,60.2,18.0,22.4,23.3,27.7,21.2,29.2,26.9,28.3,32.0,28.3,24.2,22.6,25.0,20.6,23.4,18.7,21.2,75.7,76.5,72.7,71.6,68.7,69.6,67.7,65.2,66.7,80.2,79.1,76.6,73.2,72.1,76.3,66.9,69.5,73.8,71.2,62.0,60.0,30.8,26.6,23.4,54.1,35.0,11.2,30.0,53.2,41.2,33.5,11.2,11.2,10.0,40.3,51.5,47.4,45.0,26.9,25.0,27.0,49.2,44.7,33.8,51.2,57.0,62.2,43.9,0.0,21.2,40.8,17.3,37.9,50.0,38.2,47.8,24.0,20.2,38.1,43.1,4.1,8.9,38.2,49.3,31.9,36.4,40.2,52.0,46.4,39.8,48.8,16.1,32.6,16.2,48.3
57.0,82.5,72.0,81.8,76.5,81.4,71.2,70.7,75.7,30.4,35.4,35.1,40.1,30.0,40.0,35.1,35.4,40.3,39.0,37.3,38.3,35.0,36.4,33.0,34.5,30.0,93.4,94.9,90.5,90.1,86.7,88.3,85.7,82.5,85.4,101.2,100.0,97.6,94.2,93.0,97.1,87.8,90.1,94.3,91.8,78.4,76.1,40.1,37.0,37.7,73.4,52.2,32.0,47.4,74.3,60.4,54.1,32.0,11.2,15.8,55.9,72.1,67.1,61.8,47.2,46.1,48.2,69.6,65.2,53.7,70.7,78.1,83.5,55.1,21.2,0.0,55.4,18.1,51.1,63.0,59.4,68.9,43.9,41.2,57.3,60.7,24.8,20.2,56.3,62.0,52.8,57.5,61.2,73.1,67.5,60.2,70.0,13.0,51.5,36.6,67.2
42.9,81.0,73.6,82.3,78.9,83.2,75.7,77.4,81.5,55.0,57.3,59.1,61.6,59.6,64.1,64.4,66.2,68.5,17.5,18.1,18.2,21.2,20.2,23.1,22.2,26.0,39.4,41.9,36.7,37.8,33.3,36.2,32.4,28.2,34.0,73.3,73.2,70.2,68.0,68.0,73.0,63.0,68.2,73.2,70.2,80.6,79.9,66.7,19.3,18.0,25.9,9.4,39.4,55.2,48.3,56.6,25.1,32.7,45.0,50.6,65.8,55.1,23.5,9.4,23.4,37.5,31.4,30.3,52.0,49.4,62.2,43.3,53.1,75.3,40.8,55.4,0.0,38.1,68.1,77.8,37.3,47.3,45.3,29.8,17.3,11.4,40.8,49.5,58.4,9.9,41.9,32.0,31.8,40.0,36.1,25.3,42.3,56.3,52.5,41.0,62.2
50.0,82.0,72.0,82.0,77.1,82.1,72.2,72.4,77.4,34.5,39.2,39.9,44.6,36.7,45.7,42.5,43.6,47.9,21.1,20.2,22.5,17.1,20.8,15.1,19.2,12.2,76.9,78.8,74.1,74.2,70.4,72.4,69.5,65.8,69.8,93.1,92.1,89.5,86.3,85.4,90.0,80.1,83.4,88.0,85.2,79.1,77.2,47.0,19.1,21.0,58.5,36.2,27.1,47.1,65.4,57.4,41.9,23.1,10.6,21.4,57.6,65.8,52.8,45.3,34.8,38.9,38.5,56.6,59.5,49.6,67.1,66.8,73.8,60.7,17.3,18.1,38.1,0.0,55.1,67.2,50.1,60.8,40.2,31.3,42.8,44.7,21.1,23.7,55.0,44.0,46.2,46.9,50.0,62.0,56.4,47.4,60.2,24.2,49.1,32.1,64.5
32.6,33.6,23.6,32.2,26.8,31.4,21.5,20.2,25.0,21.1,16.1,16.0,11.0,21.2,11.4,17.1,17.9,13.6,62.4,57.2,53.3,60.2,52.0,59.2,50.8,57.7,90.8,89.5,87.9,84.6,84.1,82.7,83.2,83.0,79.8,65.7,64.0,62.6,59.1,57.3,59.5,53.5,52.8,55.2,53.7,28.6,26.0,12.5,61.3,55.6,67.4,59.2,31.1,13.4,47.2,22.4,47.0,38.0,46.5,36.1,8.1,38.1,60.7,67.4,45.2,31.4,38.1,57.7,32.2,23.3,30.0,57.0,55.7,7.2,37.9,51.1,68.1,55.1,0.0,12.2,40.0,41.0,23.0,38.3,55.9,64.1,34.5,32.2,16.1,78.0,30.4,43.3,46.8,53.2,49.6,51.6,47.0,38.2,18.4,27.7,25.5
