0,26.2488095,46.22769733,52.40229003,39.3192065,36.76955262,36.24913792,43,23.02172887,19.10497317,37.21558813,23.2594067,22.36067977,30.47950131,43.9089968,40.22437072,24.0208243,45.12205669,39.62322551,39.56008089,42.19004622,38.89730068,24.18677324,32.75667871,43.56604182,31.32091953,43.8634244,36.23534186,41.88078318,22.02271555,37,42.01190308,42.54409477,31.01612484,32.55764119,21.02379604,41.10960958,25.45584412,49.24428901,29.83286778,35.80502758,25.3179778,46.61544808,26.07680962,42.05948169,33.01514804,43.56604182,21.47091055,28.0713377,34.66987165,39.44616585,28.31960452,40.31128874,37.01351105,45.61797891,38.01315562,21.09502311,38.60051813,17.02938637,37.36308338,41.10960958,38.27531842,32.01562119,49.76946855,26.41968963,32.14031736,27.73084925,47.85394446,47.01063709,26.01922366,36.12478374,44.28317965,23.34523506,28.63564213,36.05551275,39.81205847,37,42.3792402,44.38468204,27.07397274,33.01514804,27.16615541,37.64306045,47.16990566,35,50.28916384,46.09772229,43.18564576,47.04253395,51.26402247,42.72001873,27.29468813,38.83297568,36.76955262,44,47.01063709,43.18564576,27.51363298,41.30375286,43.10452412,49.39635614,37.44329045,47.5394573,37.65634077,43.18564576,31.40063694,31.01612484,34.88552709,30.01666204,39.29376541
26.2488095,0,23.70653918,30.41381265,14.31782106,28.23118843,26.92582404,19.6977156,7.810249676,11.66190379,24.73863375,19.84943324,19.20937271,12.16552506,30.14962686,25.07987241,28.8444102,39,35.84689666,31.01612484,28.16025568,31.78049716,27.20294102,21.54065923,29.06888371,27.20294102,32.75667871,25.29822128,27.07397274,27.78488798,38.28837944,42.80186912,32.01562119,33.24154028,16.2788206,29.06888371,33.24154028,12.20655562,35.0142828,27.65863337,21.37755833,27.01851217,35.6931366,29.20616373,29.42787794,34.6554469,29.06888371,18.60107524,30.47950131,21.84032967,26.47640459,14.31782106,37.73592453,37.64306045,33.37663854,23.19482701,26.41968963,23.08679276,27.51363298,31.76476035,19.41648784,14.76482306,12,23.70653918,5.385164807,13.03840481,4,22.20360331,21.09502311,7.071067812,12.08304597,18.60107524,4.472135955,4.123105626,9.848857802,14.2126704,14.4222051,16.15549442,18.35755975,6.32455532,11.18033989,5.385164807,11.40175425,21.02379604,13.34166406,24.04163056,20.24845673,21.63330765,22.8035085,25.07987241,16.4924225,12.16552506,13,10.81665383,20.61552813,23.76972865,18.43908891,1.414213562,20.61552813,21.09502311,23.2594067,14.31782106,21.37755833,12.04159458,21.63330765,11,9.219544457,10,10.29563014,13.15294644
46.22769733,23.70653918,0,6.708203932,24.18677324,22.56102835,21.37755833,29.83286778,23.34523506,35.35533906,17.2626765,27.20294102,27.51363298,15.8113883,16.64331698,13.60147051,35.35533906,30.01666204,30.6757233,23.40939982,15.65247584,25.29822128,33.37663854,19.02629759,15.26433752,27.01851217,21.09502311,19.23538406,14.31782106,35.6931366,36.87817783,39.2173431,21.47091055,35.05709629,14.86606875,37.85498646,25.07987241,21.09502311,18.43908891,29,15,32.24903099,22.8035085,34.13209633,17.88854382,35.22782991,15.26433752,27.85677655,34.0147027,17,16.76305461,18.78829423,32.89376841,35.90264614,20,14.14213562,34.92849839,13.15294644,38.89730068,26.92582404,32.38826948,8.94427191,14.2126704,14.14213562,20.61552813,32.24903099,20.24845673,10.63014581,12.20655562,29.73213749,26,10.77032961,28.17800561,19.72308292,17.11724277,12,29.01723626,15.5241747,13,28.46049894,13.45362405,27.51363298,18,14.4222051,11.3137085,18.43908891,11.66190379,33.73425559,29.15475947,16.2788206,17.72004515,34.20526275,21.09502311,15.13274595,30.08321791,31.95309062,25.96150997,22.36067977,34.36568055,32.75667871,14.86606875,9.433981132,19.72308292,22.02271555,33.73425559,14.86606875,28.44292531,13.92838828,30.59411708,19.10497317
52.40229003,30.41381265,6.708203932,0,30,25.01999201,24.08318916,35.22782991,29.73213749,42.05948169,20.22374842,32.20248438,32.64965543,21.9317122,17.2626765,16.1245155,39.56008089,30.3644529,32.24903099,25.07987241,17.02938637,27.07397274,37.64306045,23.08679276,16.1245155,30.41381265,21.58703314,22.20360331,16,40.16217126,39.05124838,40.60788101,22.36067977,38.20994635,20.24845673,42.3792402,26.30589288,27.01851217,17,32.55764119,18.97366596,36.40054945,22.47220505,38.07886553,19.10497317,38.05259518,16.1245155,33.12099032,37.65634077,20.88061302,19.02629759,24.41311123,34.36568055,38.05259518,19.92485885,17.4642492,39.56008089,16.4924225,43.8634244,29.01723626,38.05259518,15.65247584,20.51828453,17.4642492,27.20294102,38.63935817,26.92582404,14.56021978,16.4924225,36.40054945,32.14031736,16.03121954,34.88552709,26.41968963,23.53720459,18.24828759,35.05709629,21.02379604,18.11077028,35.11409973,20,34.17601498,24.18677324,18.68154169,17.80449381,21.9317122,16.2788206,39.20459157,33.95585369,19.23538406,23.08679276,40.80441153,27.01851217,21.58703314,35.35533906,36.87817783,31.25699922,29.06888371,40.04996879,38.20994635,18.38477631,16.1245155,24.04163056,28.0713377,39.20459157,21.26029163,34.92849839,20.61552813,37.10795063,25.01999201
39.3192065,14.31782106,24.18677324,30,0,38.28837944,36.87817783,6.403124237,21.54065923,21.1896201,33.60059523,33.12099032,32.64965543,21.9317122,37.12142239,32.24903099,42.48529157,48.60041152,46.69047012,40.60788101,35.35533906,41.86884283,40.70626487,31.82766093,35.77708764,39.05124838,40.81666326,34.82814953,34,41.62931659,50.44799302,54.4885309,40.49691346,46.04345773,25.49509757,43.08131846,42.80186912,24.69817807,40.85339643,40,30,40.31128874,43.41658669,42.54409477,37.21558813,47.20169488,35.77708764,32.20248438,43.56604182,31.2409987,34.66987165,25.61249695,48.7954916,49.67896939,40.70626487,31.06444913,40.31128874,30.52867504,41.76122604,42.44997055,8.246211251,17.4642492,20.51828453,15.65247584,17.88854382,10.63014581,15.65247584,16.4924225,14.56021978,13.60147051,3.605551275,14.03566885,16.03121954,14.76482306,8.602325267,12.36931688,5.385164807,9.055385138,12.16552506,12.36931688,18.43908891,12.16552506,6.708203932,13,19.41648784,13.45362405,14.31782106,9.848857802,8.544003745,15.8113883,7.280109889,15,3.16227766,10.29563014,7.071067812,10,4.123105626,13.60147051,10.19803903,8.94427191,14.76482306,17.88854382,9.899494937,2.828427125,9.848857802,19.79898987,8.94427191,13.60147051,10.81665383,5.099019514
36.76955262,28.23118843,22.56102835,25.01999201,38.28837944,0,1.414213562,44.68780594,21.58703314,36.34556369,5.385164807,13.60147051,14.56021978,16.64331698,8.94427191,9.055385138,16.40121947,10.77032961,8.602325267,3,8.246211251,3.605551275,14.86606875,6.708203932,9.486832981,6.403124237,7.211102551,3.605551275,9.055385138,17.69180601,14.31782106,17,5.830951895,13.34166406,12.80624847,19.84943324,5.099019514,16.4924225,13.45362405,8.602325267,8.602325267,13.45362405,9.848857802,14.4222051,6.708203932,13.03840481,9.486832981,15.5241747,13.41640786,7.071067812,6,13.92838828,10.81665383,13.34166406,9.219544457,8.544003745,17.69180601,9.486832981,22.6715681,4.472135955,45.80392996,22.20360331,17.80449381,35.34119409,22.84731932,41.14608122,24.59674775,31.78049716,32.64965543,35.11409973,38.01315562,30.01666204,31.32091953,25.05992817,29.73213749,27.80287755,41.0487515,32.80243893,31.90611227,34.53983208,19.84943324,33.61547263,31.82766093,34.4818793,19.10497317,38.94868419,31.76476035,47.80167361,45.96737974,37.57658846,34.82814953,40.16217126,35.38361203,28.28427125,45.3431362,48.10405388,41.72529209,27.73084925,47.4341649,47.01063709,35.77708764,21.40093456,38.83297568,35.4682957,47.80167361,18.60107524,37.12142239,24.75883681,38.48376281,33.9411255
36.24913792,26.92582404,21.37755833,24.08318916,36.87817783,1.414213562,0,43.27817002,20.39607805,35.22782991,4.123105626,13,13.92838828,15.26433752,8.602325267,8,16.64331698,12.08304597,10,4.123105626,7.615773106,5,15,5.385164807,8.94427191,6.708203932,7.615773106,2.236067977,8.246211251,17.80449381,15.5241747,18.35755975,6.32455532,14.14213562,11.40175425,20,6.32455532,15.29705854,13.45362405,8.94427191,7.211102551,13.60147051,10.44030651,14.76482306,6.403124237,14,8.94427191,14.86606875,13.92838828,5.656854249,5.099019514,12.64911064,12.20655562,14.56021978,9.433981132,7.280109889,17.69180601,8.246211251,22.627417,5.830951895,44.40720662,20.80865205,16.40121947,34.0147027,21.54065923,39.81205847,23.2594067,30.46309242,31.30495168,33.83784863,36.61966685,28.65309756,30.08321791,23.70653918,28.31960452,26.40075756,39.66106403,31.40063694,30.52867504,33.24154028,18.43908891,32.31098884,30.41381265,33.12099032,17.69180601,37.58989226,30.41381265,46.40043103,44.55333882,36.24913792,33.42154993,38.89730068,33.9705755,26.87005769,43.93176527,46.69047012,40.31128874,26.40075756,46.04345773,45.607017,34.43835072,20,37.44329045,34.05877273,46.40043103,17.20465053,35.77708764,23.34523506,37.16180835,32.52691193
43,19.6977156,29.83286778,35.22782991,6.403124237,44.68780594,43.27817002,0,27.29468813,24.08318916,40,39.11521443,38.58756276,28.28427125,43.41658669,38.58756276,48.37354649,55,53.07541804,47.01063709,41.67733197,48.27007354,46.64761516,38.20994635,42.05948169,45.3431362,47.16990566,41.23105626,40.31128874,47.41307836,56.72741841,60.8276253,46.87216658,52.20153254,31.89043744,48.75448697,49.2036584,30.8058436,47.01063709,46.22769733,36.40054945,46.32493929,49.73932046,48.54894438,43.56604182,53.41348144,42.05948169,38.07886553,49.64876635,37.64306045,41.0487515,31.89043744,55.1724569,55.97320788,47.01063709,37.44329045,46.06517123,36.89173349,47.16990566,48.83646179,3.605551275,23.70653918,26.90724809,19.23538406,23.85372088,11.40175425,21.63330765,21,19,17.02938637,7.615773106,19.23538406,20.39607805,20.80865205,15,18.38477631,6,14.31782106,17.11724277,16.1245155,24.8394847,16.2788206,13.03840481,17.02938637,25.8069758,15.8113883,19.02629759,4,4.472135955,18.68154169,12.16552506,16.4924225,9.433981132,16.64331698,1,4.123105626,4,19.23538406,5.385164807,3,18.24828759,24.18677324,12.36931688,9.219544457,4,26.17250466,12.04159458,20,13.03840481,11.18033989
23.02172887,7.810249676,23.34523506,29.73213749,21.54065923,21.58703314,20.39607805,27.29468813,0,15,19,12.04159458,11.40175425,8.062257748,25.17935662,20.39607805,21.09502311,32.28002478,28.63564213,24.51530134,23.19482701,25,19.41648784,15.13274595,24.33105012,19.72308292,27.01851217,19.10497317,22.36067977,20.1246118,30.61045573,35.22782991,26.07680962,25.45584412,11.40175425,21.54065923,26.68332813,5.099019514,30.41381265,20,16.1245155,19.20937271,30.01666204,21.40093456,24.0208243,26.90724809,24.33105012,10.81665383,22.6715681,16,21.02379604,8,30.41381265,30,28.01785145,18.24828759,18.78829423,18.43908891,20.39607805,24.69817807,27.20294102,15.26433752,9.219544457,27.65863337,4,20.61552813,6.08276253,25.29822128,24.73863375,13.89244399,19.72308292,21.84032967,9.848857802,7.071067812,15.03329638,17.4642492,22.20360331,21.02379604,22.36067977,13.60147051,10,12.80624847,17.11724277,25.3179778,12.04159458,29.06888371,23.76972865,29.41088234,30.08321791,29.42787794,22.02271555,18.78829423,19.6468827,15.03329638,28.17800561,31.30495168,25.63201124,8.062257748,28.42534081,28.8444102,27.45906044,14.4222051,27.01851217,18.97366596,29.41088234,8.485281374,16.97056275,12.36931688,17.80449381,19.23538406
19.10497317,11.66190379,35.35533906,42.05948169,21.1896201,36.34556369,35.22782991,24.08318916,15,0,34,24.69817807,23.76972865,22.36067977,40.11234224,35.22782991,31.6227766,46.87216658,42.72001873,39.3192065,38.11823711,39.62322551,30.52867504,30.06659276,39.20459157,33.52610923,42.01190308,34.05877273,37.21558813,30,43.38202393,48.33218389,41.0487515,37.58989226,26.17250466,30.47950131,41.43669871,20.02498439,45.27692569,33.24154028,31.06444913,30.88689042,45.01110974,32.75667871,39.01281841,39.35733731,39.20459157,22.84731932,34.4818793,31,36.01388621,23,44.27188724,42.95346319,43.01162634,33.13608305,28.60069929,33.24154028,27.58622845,39.05124838,22.02271555,26.41968963,22.8035085,34.20526275,15.5241747,13.03840481,15.23154621,33.24154028,31.89043744,7.615773106,17.72004515,29.69848481,7.211102551,15.65247584,20.51828453,25.49509757,18.11077028,26.40075756,29.06888371,8.94427191,22.47220505,9.433981132,21.40093456,31.40063694,24.69817807,33.61547263,31.144823,24.08318916,28.28427125,35.22782991,26.07680962,8.246211251,21.47091055,21.9317122,25.07987241,28.01785145,24.73863375,13.03840481,22.20360331,24.0208243,33.60059523,25.94224354,30.41381265,20.1246118,24.08318916,21.84032967,12.36931688,21.63330765,11.04536102,22.47220505
37.21558813,24.73863375,17.2626765,20.22374842,33.60059523,5.385164807,4.123105626,40,19,34,0,14.2126704,15,12.64911064,6.708203932,4.123105626,19.6977156,15,13.89244399,7.071067812,5,8.602325267,17.88854382,4.472135955,6.403124237,10.19803903,8.062257748,2,5,20.59126028,19.6468827,22.36067977,7.280109889,18.02775638,8.544003745,22.82542442,9.219544457,14.03566885,12.08304597,12.36931688,3.605551275,16.55294536,11.04536102,18.02775638,5.099019514,18.02775638,6.403124237,15.8113883,17.4642492,3,2.236067977,11,16.1245155,18.68154169,9.055385138,3.16227766,20.24845673,4.123105626,25,9.848857802,41.34005322,17.02938637,13.41640786,29.96664813,19.41648784,37.33630941,20.88061302,26.40075756,27.29468813,31.78049716,33.61547263,24.69817807,28.28427125,21.1896201,25,22.6715681,36.7151195,27.65863337,26.62705391,31.04834939,15.26433752,30.08321791,27.01851217,29.15475947,14.2126704,33.61547263,26.41968963,43.26661531,41.03656906,32.20248438,29.73213749,36.87817783,30.61045573,23.43074903,40.60788101,43.27817002,36.87817783,24.04163056,43.0464865,42.43819035,30.41381265,16.2788206,33.60059523,30.8058436,43.26661531,14.31782106,33.24154028,20,34.78505426,29.06888371
23.2594067,19.84943324,27.20294102,32.20248438,33.12099032,13.60147051,13,39.11521443,12.04159458,24.69817807,14.2126704,0,1,13.03840481,20.80865205,17.69180601,9.486832981,23,18.24828759,16.4924225,19.20937271,16.1245155,7.615773106,9.899494937,20.61552813,9.055385138,20.61552813,13.03840481,19.10497317,9.055385138,18.86796226,23.70653918,19.31320792,13.45362405,12.36931688,11,18.24828759,8.544003745,26.07680962,8.544003745,13.60147051,7.211102551,23.40939982,9.433981132,18.86796226,15,20.61552813,2,10.63014581,12.04159458,16.40121947,9,19.6468827,18.35755975,22.36067977,15.62049935,8,16.40121947,11.70469991,15,39.20459157,22,15.03329638,36.05551275,15.26433752,32.55764119,17.49285568,33,33.06055051,25.61249695,31.6227766,30.06659276,21.40093456,18.35755975,25.63201124,26.30589288,34.20526275,30.8058436,31.25699922,25.49509757,17.11724277,24.75883681,27.85677655,34.23448554,18,38.47076812,32.06243908,41.40048309,41.59326869,38.11823711,32.28002478,30.23243292,30.87069808,25,39.96248241,43.0464865,37.12142239,20,40.45985665,40.80441153,36.12478374,21,37.10795063,30.41381265,41.40048309,15.13274595,29,21.58703314,29.73213749,30.08321791
22.36067977,19.20937271,27.51363298,32.64965543,32.64965543,14.56021978,13.92838828,38.58756276,11.40175425,23.76972865,15,1,0,13,21.63330765,18.38477631,9.848857802,24,19.23538406,17.4642492,20,17.11724277,8.062257748,10.63014581,21.40093456,10.04987562,21.54065923,13.89244399,19.84943324,9.219544457,19.72308292,24.59674775,20.24845673,14.2126704,12.64911064,11.04536102,19.23538406,8.246211251,26.92582404,9.486832981,14.2126704,7.810249676,24.35159132,10,19.72308292,15.8113883,21.40093456,1,11.3137085,12.72792206,17.20465053,9.055385138,20.61552813,19.23538406,23.2594067,16.2788206,8.062257748,17.02938637,11.40175425,16,38.60051813,22.02271555,15,36.01388621,14.76482306,31.82766093,17,33.01514804,33.01514804,24.8394847,31.06444913,30.01666204,20.61552813,17.88854382,25.29822128,26.17250466,33.60059523,30.59411708,31.144823,24.75883681,17.02938637,24.04163056,27.51363298,34.13209633,18.02775638,38.32753579,32.01562119,40.80441153,41.14608122,38.05259518,32.01562119,29.41088234,30.46309242,24.73863375,39.44616585,42.54409477,36.67424164,19.41648784,39.8246155,40.22437072,36.05551275,21.02379604,36.87817783,29.96664813,40.80441153,15.03329638,28.31960452,21.37755833,29,29.73213749
30.47950131,12.16552506,15.8113883,21.9317122,21.9317122,16.64331698,15.26433752,28.28427125,8.062257748,22.36067977,12.64911064,13.03840481,13,0,18.02775638,13,22.36067977,27.29468813,24.8394847,19.23538406,16.03121954,20.24845673,20.39607805,10,17,17.20465053,20.61552813,13.41640786,15,22.09072203,28.60069929,32.55764119,19.92485885,24.59674775,4.123105626,24.0208243,21.47091055,5.385164807,23.02172887,18.35755975,9.219544457,19.6468827,23.53720459,21.84032967,17.2626765,25.55386468,17,13.03840481,22.47220505,9.848857802,14.31782106,4.123105626,26.90724809,27.80287755,21.21320344,11.04536102,21.02379604,11,24.18677324,20.61552813,29.20616373,9.055385138,2,23.02172887,7,24.69817807,8.246211251,20.02498439,20.02498439,19.23538406,21.40093456,17.02938637,16,8.544003745,13.60147051,13.34166406,24.41311123,18.02775638,18.24828759,18.43908891,4.123105626,17.4642492,15.8113883,21.21320344,5.099019514,25.49509757,19.02629759,31.2409987,30,25.07987241,19.6977156,24.33105012,19.20937271,12.52996409,29,31.89043744,25.61249695,11.40175425,30.8058436,30.47950131,23.08679276,8.062257748,24.35159132,19.10497317,31.2409987,2.236067977,20.61552813,8.94427191,22.13594362,18.02775638
43.9089968,30.14962686,16.64331698,17.2626765,37.12142239,8.94427191,8.602325267,43.41658669,25.17935662,40.11234224,6.708203932,20.80865205,21.63330765,18.02775638,0,5.099019514,25.23885893,13.41640786,15.03329638,8.062257748,2,10.04987562,23.60084744,11.18033989,1.414213562,15.26433752,4.472135955,7.810249676,3.16227766,26.40075756,22.02271555,23.34523506,5.099019514,22.13594362,14,28.60069929,9.055385138,20.39607805,5.385164807,17.49285568,9.055385138,22.20360331,6.403124237,23.32380758,2.236067977,21.58703314,1.414213562,22.47220505,22.36067977,9.486832981,4.472135955,17.2626765,17.11724277,21.02379604,3.605551275,7,26.2488095,7.071067812,31.144823,12.16552506,45.18849411,19.72308292,18.24828759,30.61045573,25.01999201,42.20189569,26.17250466,27.01851217,28.31960452,37.21558813,37.69615365,26.17250466,34.0147027,26.30589288,28.63564213,25.23885893,40.85339643,30,28.31960452,36.34556369,19.6468827,35.35533906,30.41381265,30.41381265,18.02775638,34.71310992,27.58622845,46.95742753,43.829214,32.80243893,32.20248438,42.29657197,34,26.83281573,43.9089968,46.32493929,39.96248241,29.27456234,47.01063709,46.06517123,31.2409987,19.23538406,35.38361203,34.43835072,46.95742753,19.23538406,38.07886553,23.76972865,39.81205847,32.24903099
40.22437072,25.07987241,13.60147051,16.1245155,32.24903099,9.055385138,8,38.58756276,20.39607805,35.22782991,4.123105626,17.69180601,18.38477631,13,5.099019514,0,23.76972865,17.02938637,17.08800749,9.848857802,3.16227766,11.70469991,21.9317122,7.810249676,4,14.31782106,8.602325267,6.08276253,2,24.59674775,23.34523506,25.63201124,8.485281374,22.09072203,9.055385138,26.83281573,11.66190379,15.8113883,10.04987562,16.4924225,4.472135955,20.61552813,11.18033989,22.13594362,5,22,4,19.10497317,21.58703314,5.656854249,3.16227766,12.64911064,19.31320792,22.36067977,8.544003745,2.236067977,24.18677324,2,28.8444102,13.34166406,40.24922359,15,13.15294644,26.92582404,20,37.10795063,21.09502311,23.32380758,24.41311123,32.14031736,32.69556545,22.02271555,29,21.21320344,23.70653918,20.61552813,35.84689666,25.49509757,24.08318916,31.25699922,14.56021978,30.2654919,25.55386468,26.40075756,13,30.8058436,23.60084744,42.05948169,39.20459157,29.15475947,27.65863337,37.21558813,29.15475947,21.9544984,39.11521443,41.61730409,35.22782991,24.18677324,42.04759208,41.18252056,27.45906044,14.4222051,31.144823,29.52964612,42.05948169,14.14213562,32.984845,18.78829423,34.71310992,27.45906044
24.0208243,28.8444102,35.35533906,39.56008089,42.48529157,16.40121947,16.64331698,48.37354649,21.09502311,31.6227766,19.6977156,9.486832981,9.848857802,22.36067977,25.23885893,23.76972865,0,21.9317122,16.15549442,18.38477631,24.18677324,17.02938637,2,16.4924225,25.55386468,10,23.34523506,17.88854382,24.59674775,2,13.03840481,18.11077028,21.9317122,7,21,3.605551275,19.20937271,18.02775638,29.83286778,7.810249676,20.61552813,3.16227766,25.49509757,2.236067977,23.02172887,9,25.55386468,10.29563014,4.123105626,18.68154169,21.47091055,18.24828759,16.4924225,13,25.49509757,22.13594362,3.16227766,23.08679276,7.280109889,15,48.25971405,31.144823,24.33105012,45.27692569,24.59674775,41.10960958,26.83281573,42.10700654,42.29657197,33.9705755,40.81666326,39.3192065,29.73213749,27.73084925,35.11409973,35.6931366,43.26661531,40.26164428,40.60788101,34.05877273,26.47640459,33.42154993,37.33630941,43.56604182,27.16615541,47.85394446,41.30375286,50.47771786,50.99019514,47.38143096,41.76122604,38.20994635,40.31128874,34.4818793,49.24428901,52.35456045,46.5188134,29.15475947,49.40647731,49.92995093,45.39823785,30.14962686,46.57252409,39.81205847,50.47771786,24.51530134,37.80211634,31.04834939,38.28837944,39.56008089
45.12205669,39,30.01666204,30.3644529,48.60041152,10.77032961,12.08304597,55,32.28002478,46.87216658,15,23,24,27.29468813,13.41640786,17.02938637,21.9317122,0,5.830951895,8.062257748,14.4222051,7.280109889,21.1896201,17.4642492,14.76482306,14.03566885,8.94427191,13.89244399,15.8113883,23.76972865,12.20655562,11.18033989,8.602325267,15.8113883,23.32380758,25.49509757,5.830951895,27.20294102,14.03566885,15.29705854,18.60107524,19.92485885,8.062257748,19.6977156,12.20655562,14.2126704,14.76482306,25,17.88854382,17.49285568,14.14213562,24.69817807,6.403124237,11.40175425,10.44030651,17.69180601,24.35159132,18.38477631,29.15475947,8,56.30275304,31.82766093,28.3019434,43.829214,33.61547263,51.89412298,35.34119409,40.22437072,41.40048309,45.88027899,48.54894438,39.05124838,42.05948169,35.77708764,40,37.48332963,51.623638,42.42640687,41.10960958,45.31004304,30.23243292,44.38468204,42.01190308,43.41658669,29.20616373,47.80167361,40.60788101,58.24946352,55.97320788,46.04345773,44.55333882,50.92150823,45.607017,38.41874542,55.6057551,58.25804665,51.85556865,38.48376281,57.98275606,57.42821606,44.40720662,31.144823,48.16637832,45.80392996,58.24946352,29.15475947,47.85394446,35,49.24428901,44.04543109
39.62322551,35.84689666,30.6757233,32.24903099,46.69047012,8.602325267,10,53.07541804,28.63564213,42.72001873,13.89244399,18.24828759,19.23538406,24.8394847,15.03329638,17.08800749,16.15549442,5.830951895,0,7.280109889,15.29705854,5.385164807,15.5241747,14.86606875,16.1245155,9.219544457,11.04536102,12.20655562,16.4924225,18.02775638,7.280109889,8.544003745,10,10,21.21320344,19.6977156,6,23.70653918,17.4642492,10,17.20465053,14.31782106,11.70469991,13.92838828,13.15294644,8.485281374,16.1245155,20.22374842,12.08304597,15.62049935,13.92838828,21.63330765,2.236067977,6.32455532,13.15294644,17,18.68154169,17.88854382,23.40939982,4.242640687,54.03702434,30.8058436,26.17250466,43.829214,30.52867504,48.87739764,32.44996148,40.24922359,41.18252056,42.48529157,46.22769733,38.58756276,38.48376281,33.01514804,38.18376618,36.40054945,49.2036584,41.40048309,40.49691346,42.05948169,28.28427125,41.18252056,40.31128874,43.0464865,27.65863337,47.50789408,40.31128874,56.08029957,54.4885309,46.06517123,43.41658669,47.42362281,43.84062043,36.79673899,53.75872022,56.56854249,50.20956084,35.51056181,55.6057551,55.31726674,44.29446918,30,47.4341649,43.8634244,56.08029957,26.90724809,44.94441011,33.24154028,46.14108798,42.44997055
39.56008089,31.01612484,23.40939982,25.07987241,40.60788101,3,4.123105626,47.01063709,24.51530134,39.3192065,7.071067812,16.4924225,17.4642492,19.23538406,8.062257748,9.848857802,18.38477631,8.062257748,7.280109889,0,8.062257748,2,17.02938637,9.486832981,9,8.602325267,5,5.830951895,9.219544457,19.84943324,14,15.8113883,3.605551275,14.31782106,15.26433752,21.9317122,2.236067977,19.41648784,11.66190379,10.63014581,10.63014581,15.62049935,7.211102551,16.2788206,6,13.60147051,9,18.43908891,15,9.433981132,6.708203932,16.76305461,9.486832981,13,7.211102551,10,20,10.81665383,25,4.123105626,48.25971405,24.08318916,20.24845673,36.7151195,25.63201124,43.8634244,27.31300057,33.12099032,34.13209633,37.94733192,40.49691346,31.6227766,34.20526275,27.73084925,32.01562119,29.73213749,43.56604182,34.71310992,33.60059523,37.33630941,22.20360331,36.40054945,34.05877273,36.05551275,21.26029163,40.49691346,33.28663395,50.21951812,48.10405388,38.94868419,36.79673899,43.01162634,37.64306045,30.47950131,47.63402146,50.32891813,43.93176527,30.46309242,49.92995093,49.40647731,37.21558813,23.34523506,40.60788101,37.80211634,50.21951812,21.09502311,39.81205847,27.01851217,41.23105626,36.12478374
42.19004622,28.16025568,15.65247584,17.02938637,35.35533906,8.246211251,7.615773106,41.67733197,23.19482701,38.11823711,5,19.20937271,20,16.03121954,2,3.16227766,24.18677324,14.4222051,15.29705854,8.062257748,0,10.04987562,22.47220505,9.433981132,1.414213562,14.31782106,5.656854249,6.403124237,1.414213562,25.23885893,22.02271555,23.76972865,5.830951895,21.58703314,12,27.45906044,9.486832981,18.43908891,7.280109889,16.55294536,7.071067812,21.09502311,8.062257748,22.36067977,2.236067977,21.21320344,1.414213562,20.80865205,21.54065923,7.615773106,2.828427125,15.29705854,17.4642492,21.02379604,5.385164807,5,25,5.099019514,29.83286778,12,43.38202393,18.02775638,16.2788206,29.41088234,23.02172887,40.26164428,24.18677324,25.8069758,27.01851217,35.22782991,35.84689666,24.75883681,32.01562119,24.33105012,26.83281573,23.60084744,39,28.42534081,26.87005769,34.36568055,17.72004515,33.37663854,28.65309756,29.06888371,16.15549442,33.42154993,26.2488095,45.17742799,42.20189569,31.6227766,30.61045573,40.31128874,32.24903099,25.05992817,42.19004622,44.65422712,38.27531842,27.29468813,45.18849411,44.29446918,30,17.49285568,33.9411255,32.64965543,45.17742799,17.2626765,36.138622,21.9317122,37.85498646,30.52867504
38.89730068,31.78049716,25.29822128,27.07397274,41.86884283,3.605551275,5,48.27007354,25,39.62322551,8.602325267,16.1245155,17.11724277,20.24845673,10.04987562,11.70469991,17.02938637,7.280109889,5.385164807,2,10.04987562,0,15.8113883,10.29563014,11,7.615773106,6.708203932,7.071067812,11.18033989,18.60107524,12,13.92838828,5.385164807,12.52996409,16.40121947,20.61552813,2.236067977,19.92485885,13.41640786,9.433981132,12.04159458,14.4222051,8.485281374,14.86606875,8,11.70469991,11,18.11077028,13.45362405,10.63014581,8.544003745,17.4642492,7.615773106,11,8.94427191,11.66190379,18.86796226,12.52996409,23.85372088,2.236067977,49.40647731,25.61249695,21.40093456,38.47076812,26.40075756,44.72135955,28.17800561,34.88552709,35.84689666,38.62641583,41.61730409,33.28663395,34.78505426,28.65309756,33.30165161,31.2409987,44.65422712,36.23534186,35.22782991,38.07886553,23.43074903,37.16180835,35.38361203,37.73592453,22.627417,42.19004622,34.98571137,51.4003891,49.49747468,40.70626487,38.28837944,43.65775991,38.94868419,31.82766093,48.91829923,51.66236541,45.27692569,31.30495168,51.03920062,50.60632372,38.94868419,24.8394847,42.20189569,39.05124838,51.4003891,22.20360331,40.70626487,28.31960452,42.04759208,37.48332963
24.18677324,27.20294102,33.37663854,37.64306045,40.70626487,14.86606875,15,46.64761516,19.41648784,30.52867504,17.88854382,7.615773106,8.062257748,20.39607805,23.60084744,21.9317122,2,21.1896201,15.5241747,17.02938637,22.47220505,15.8113883,0,14.56021978,23.85372088,8.485281374,21.9317122,16.1245155,22.82542442,2.828427125,13.34166406,18.43908891,20.51828453,7.280109889,19,5,18.02775638,16.15549442,28.31960452,6.403124237,18.68154169,1.414213562,24.20743687,2.236067977,21.40093456,9.219544457,23.85372088,8.602325267,4.123105626,16.76305461,19.72308292,16.2788206,16.1245155,13.15294644,24.04163056,20.24845673,3.16227766,21.1896201,8.062257748,13.89244399,46.61544808,29.15475947,22.36067977,43.28972164,22.82542442,39.62322551,25.05992817,40.11234224,40.31128874,32.52691193,39.11521443,37.33630941,28.28427125,25.94224354,33.24154028,33.73425559,41.61730409,38.32753579,38.63935817,32.55764119,24.51530134,31.89043744,35.4682957,41.59326869,25.17935662,45.89117562,39.3192065,48.82622246,49.1934955,45.39823785,39.84971769,36.87817783,38.48376281,32.57299495,47.50789408,50.60632372,44.72135955,27.45906044,47.80167361,48.25971405,43.41658669,28.16025568,44.64302857,38.01315562,48.82622246,22.56102835,36.23534186,29.12043956,36.79673899,37.69615365
32.75667871,21.54065923,19.02629759,23.08679276,31.82766093,6.708203932,5.385164807,38.20994635,15.13274595,30.06659276,4.472135955,9.899494937,10.63014581,10,11.18033989,7.810249676,16.4924225,17.4642492,14.86606875,9.486832981,9.433981132,10.29563014,14.56021978,0,10.81665383,8.246211251,12.04159458,4,9.219544457,17.08800749,19.23538406,22.8035085,11,16.2788206,6.403124237,19.31320792,11.70469991,10.04987562,16.55294536,10.04987562,4.123105626,13.34166406,15.03329638,15.13274595,9.486832981,16.76305461,10.81665383,11.40175425,15,2.236067977,6.708203932,7.280109889,16.97056275,18.35755975,13.34166406,5.830951895,16.55294536,6.708203932,21.09502311,10.63014581,39.20459157,16.55294536,11.3137085,30.3644529,16.15549442,34.43835072,17.88854382,26.92582404,27.51363298,28.46049894,31.40063694,24.69817807,24.73863375,18.35755975,23.34523506,21.9544984,34.40930107,26.92582404,26.40075756,27.85677655,13.45362405,26.92582404,25.49509757,29.15475947,13.03840481,33.61547263,26.57066051,41.23105626,39.69886648,32.57299495,28.8444102,33.52610923,29,22.02271555,38.89730068,41.72529209,35.38361203,21.02379604,40.80441153,40.45985665,30.6757233,15.65247584,33.12099032,29,41.23105626,12.04159458,30.41381265,18.43908891,31.78049716,27.65863337
43.56604182,29.06888371,15.26433752,16.1245155,35.77708764,9.486832981,8.94427191,42.05948169,24.33105012,39.20459157,6.403124237,20.61552813,21.40093456,17,1.414213562,4,25.55386468,14.76482306,16.1245155,9,1.414213562,11,23.85372088,10.81665383,0,15.65247584,5.830951895,7.810249676,2,26.62705391,23,24.51530134,6.32455532,22.8035085,13.03840481,28.8444102,10.19803903,19.6468827,6.08276253,17.88854382,8.246211251,22.47220505,7.810249676,23.70653918,3,22.36067977,0,22.20360331,22.84731932,8.94427191,4.242640687,16.4924225,18.24828759,22,5,6.08276253,26.40075756,6,31.2409987,13.03840481,43.8634244,18.35755975,17.11724277,29.20616373,24,41,25.07987241,25.61249695,26.90724809,36.12478374,36.40054945,24.75883681,33,25.17935662,27.31300057,23.85372088,39.56008089,28.60069929,26.90724809,35.22782991,18.43908891,34.23448554,29.06888371,29,16.76305461,33.30165161,26.17250466,45.61797891,42.43819035,31.40063694,30.8058436,41.19465985,32.64965543,25.49509757,42.54409477,44.94441011,38.58756276,28.16025568,45.69463864,44.72135955,29.83286778,17.88854382,33.9705755,33.10589071,45.61797891,18.11077028,36.87817783,22.47220505,38.63935817,30.88689042
31.32091953,27.20294102,27.01851217,30.41381265,39.05124838,6.403124237,6.708203932,45.3431362,19.72308292,33.52610923,10.19803903,9.055385138,10.04987562,17.20465053,15.26433752,14.31782106,10,14.03566885,9.219544457,8.602325267,14.31782106,7.615773106,8.485281374,8.246211251,15.65247584,0,13.45362405,8.246211251,14.86606875,11.3137085,11.40175425,15.62049935,12.04159458,8.062257748,14.31782106,13.45362405,9.848857802,15,19.84943324,2.236067977,12.04159458,7.071067812,15.8113883,8.062257748,13.03840481,8.544003745,15.65247584,11.04536102,7.280109889,10.04987562,11.70469991,13.45362405,10.77032961,10.63014581,15.55634919,13.03840481,11.40175425,14.03566885,16.40121947,6.08276253,45.96737974,24.69817807,18.86796226,38.60051813,22.02271555,40.22437072,24.08318916,35.17101079,35.73513677,33.61547263,38.18376618,32.89376841,29.52964612,24.75883681,30.8058436,29.96664813,41.03656906,34.88552709,34.53983208,33.28663395,21.09502311,32.44996148,33.01514804,37.33630941,21.02379604,41.78516483,34.78505426,48.08326112,47.20169488,40.80441153,36.7151195,38.47076812,36.40054945,29.68164416,46.09772229,49.04079934,42.80186912,27.01851217,47.42362281,47.38143096,38.89730068,23.76972865,41.14608122,36.23534186,48.08326112,19.41648784,36.40054945,26.07680962,37.44329045,35.22782991
43.8634244,32.75667871,21.09502311,21.58703314,40.81666326,7.211102551,7.615773106,47.16990566,27.01851217,42.01190308,8.062257748,20.61552813,21.54065923,20.61552813,4.472135955,8.602325267,23.34523506,8.94427191,11.04536102,5,5.656854249,6.708203932,21.9317122,12.04159458,5.830951895,13.45362405,0,8.062257748,7.071067812,24.75883681,18.24828759,19.10497317,1.414213562,19.23538406,16.4924225,26.87005769,5.099019514,22,6.708203932,15.55634919,11.40175425,20.51828453,3,21.26029163,3.605551275,18.38477631,5.830951895,22.47220505,20,11.04536102,6.32455532,19.02629759,13,17.2626765,2.236067977,9.848857802,24.8394847,10.29563014,29.83286778,8.94427191,48.76474136,23.60084744,21.1896201,35,27.45906044,45.22167622,28.86173938,31.40063694,32.64965543,39.81205847,41.14608122,30.41381265,36.34556369,29.12043956,32.24903099,29.20616373,44.28317965,34.05877273,32.52691193,39.05124838,22.84731932,38.07886553,34.13209633,34.71310992,21.47091055,39.05124838,31.89043744,50.60632372,47.80167361,37.20215048,36.23534186,44.91102315,37.73592453,30.52867504,47.70744177,50.21951812,43.829214,32.01562119,50.53711507,49.73932046,35.60898763,23.02172887,39.59797975,38.07886553,50.60632372,22.13594362,41.10960958,27.29468813,42.72001873,36.05551275
36.23534186,25.29822128,19.23538406,22.20360331,34.82814953,3.605551275,2.236067977,41.23105626,19.10497317,34.05877273,2,13.03840481,13.89244399,13.41640786,7.810249676,6.08276253,17.88854382,13.89244399,12.20655562,5.830951895,6.403124237,7.071067812,16.1245155,4,7.810249676,8.246211251,8.062257748,0,6.708203932,18.86796226,17.72004515,20.59126028,7,16.03121954,9.433981132,21.09502311,8.062257748,14.03566885,13.03840481,10.44030651,5,14.76482306,11.04536102,16.15549442,5.830951895,16.03121954,7.810249676,14.76482306,15.5241747,3.605551275,3.605551275,11.18033989,14.4222051,16.76305461,9.486832981,5.099019514,18.60107524,6.08276253,23.43074903,8.062257748,42.43819035,18.60107524,14.4222051,31.78049716,19.92485885,38.07886553,21.54065923,28.23118843,29.06888371,32.28002478,34.66987165,26.41968963,28.63564213,21.9317122,26.2488095,24.20743687,37.73592453,29.20616373,28.3019434,31.6227766,16.40121947,30.6757233,28.31960452,30.88689042,15.55634919,35.35533906,28.17800561,44.40720662,42.42640687,34.0147027,31.2409987,37.36308338,31.89043744,24.75883681,41.86884283,44.59820624,38.20994635,24.69817807,44.10215414,43.60045871,32.20248438,17.80449381,35.22782991,32.01562119,44.40720662,15.26433752,34.0147027,21.26029163,35.4682957,30.41381265
41.88078318,27.07397274,14.31782106,16,34,9.055385138,8.246211251,40.31128874,22.36067977,37.21558813,5,19.10497317,19.84943324,15,3.16227766,2,24.59674775,15.8113883,16.4924225,9.219544457,1.414213562,11.18033989,22.82542442,9.219544457,2,14.86606875,7.071067812,6.708203932,0,25.55386468,23.08679276,25,7.211102551,22.36067977,11.04536102,27.78488798,10.77032961,17.72004515,8.062257748,17.08800749,6.32455532,21.47091055,9.433981132,22.84731932,3.605551275,22.09072203,2,20.61552813,22.13594362,7.211102551,3.16227766,14.56021978,18.68154169,22.09072203,6.708203932,4.123105626,25.23885893,4,30,13.03840481,42.04759208,16.64331698,15.13274595,28.01785145,22,39.05124838,23.08679276,24.41311123,25.61249695,34.13209633,34.53983208,23.34523506,31,23.19482701,25.49509757,22.20360331,37.69615365,27.01851217,25.45584412,33.24154028,16.4924225,32.24903099,27.29468813,27.65863337,14.86606875,32.01562119,24.8394847,43.829214,40.80441153,30.23243292,29.20616373,39.20459157,30.88689042,23.70653918,40.81666326,43.26661531,36.89173349,26.17250466,43.8634244,42.94182111,28.60069929,16.1245155,32.52691193,31.30495168,43.829214,16.1245155,34.92849839,20.61552813,36.67424164,29.15475947
22.02271555,27.78488798,35.6931366,40.16217126,41.62931659,17.69180601,17.80449381,47.41307836,20.1246118,30,20.59126028,9.055385138,9.219544457,22.09072203,26.40075756,24.59674775,2,23.76972865,18.02775638,19.84943324,25.23885893,18.60107524,2.828427125,17.08800749,26.62705391,11.3137085,24.75883681,18.86796226,25.55386468,0,15.03329638,20.09975124,23.34523506,9,21.09502311,2.236067977,20.80865205,17.4642492,31.144823,9.219544457,21.1896201,4.242640687,27.01851217,4.123105626,24.20743687,11,26.62705391,9.486832981,6.08276253,19.31320792,22.47220505,18.02775638,18.43908891,15,26.87005769,22.84731932,1.414213562,23.76972865,5.385164807,16.64331698,47.16990566,31.01612484,24.08318916,45.09988914,23.76972865,39.8246155,26,42.01190308,42.10700654,32.64965543,39.8246155,39.11521443,28.42534081,26.92582404,34.4818793,35.35533906,42.19004622,39.81205847,40.31128874,32.80243893,26.17250466,32.20248438,36.68787266,43.28972164,27.01851217,47.51841748,41.10960958,49.39635614,50.15974482,47.16990566,41.23105626,36.76955262,39.56008089,33.95585369,48.3011387,51.42956348,45.69463864,28.17800561,48.25971405,48.87739764,45.17742799,30.01666204,46.09772229,39,49.39635614,24.18677324,36.61966685,30.59411708,37.01351105,38.89730068
37,38.28837944,36.87817783,39.05124838,50.44799302,14.31782106,15.5241747,56.72741841,30.61045573,43.38202393,19.6468827,18.86796226,19.72308292,28.60069929,22.02271555,23.34523506,13.03840481,12.20655562,7.280109889,14,22.02271555,12,13.34166406,19.23538406,23,11.40175425,18.24828759,17.72004515,23.08679276,15.03329638,0,5.099019514,17.11724277,6.08276253,25.55386468,16.03121954,13.15294644,26.17250466,24.73863375,10.63014581,22.47220505,12.64911064,18.97366596,11.18033989,20,4.123105626,23,20.59126028,9.219544457,20.61552813,20.22374842,24.8394847,5.830951895,1,20.39607805,22.8035085,16.1245155,23.76972865,20.02498439,10.04987562,57.28001397,35.77708764,30.23243292,49.39635614,33.24154028,51.2249939,35.35533906,45.88027899,46.61544808,44.40720662,49.51767361,43.8634244,40.22437072,36.06937759,42.20189569,41.18252056,52.32590181,46.14108798,45.61797891,44.20407221,32.44996148,43.41658669,44.40720662,48.33218389,32.24903099,52.80151513,45.69463864,59.41380311,58.6003413,51.623638,48.02082881,49.09175083,47.80167361,41.0487515,57.48912941,60.44005295,54.20332093,38.20994635,58.69412236,58.72818744,49.76946855,34.88552709,52.35456045,47.63402146,59.41380311,30.8058436,47.50789408,37.44329045,48.41487375,46.61544808
42.01190308,42.80186912,39.2173431,40.60788101,54.4885309,17,18.35755975,60.8276253,35.22782991,48.33218389,22.36067977,23.70653918,24.59674775,32.55764119,23.34523506,25.63201124,18.11077028,11.18033989,8.544003745,15.8113883,23.76972865,13.92838828,18.43908891,22.8035085,24.51530134,15.62049935,19.10497317,20.59126028,25,20.09975124,5.099019514,0,18.24828759,11.18033989,29.20616373,21,14.31782106,30.61045573,25.01999201,15.26433752,25.55386468,17.72004515,19.02629759,16.2788206,21.58703314,9.219544457,24.51530134,25.49509757,14.31782106,23.85372088,22.47220505,29,6.32455532,5.385164807,21.02379604,25.49509757,21.21320344,26.40075756,25,12.52996409,61.55485359,39.11521443,34.05877273,52.32590181,37.64306045,55.80322571,39.69886648,48.75448697,49.64876635,49.09175083,53.75872022,47.01063709,44.94441011,40.36087214,46.09772229,44.65422712,56.63920903,49.64876635,48.87739764,48.82622246,36.23534186,48.01041554,48.27007354,51.4781507,35.80502758,55.94640292,48.76474136,63.65532185,62.48199741,54.56189146,51.6139516,53.85164807,51.73973328,44.82186966,61.55485359,64.44377394,58.13776741,42.63801121,63.03173804,62.93647591,52.77309921,38.27531842,55.75840744,51.66236541,63.65532185,34.71310992,52.0096145,41.23105626,53.00943312,50.44799302
