0,35.12833614,37.80211634,21.02379604,11.40175425,17.20465053,18.11077028,5.830951895,18.86796226,24.8394847,16.1245155,2.236067977,20,10.04987562,13,6.08276253,21.02379604,22.8035085,19.41648784,16.40121947,18.35755975,21.09502311,13,10.19803903,18.02775638,21.40093456,22.6715681,15.26433752,16.1245155,23.60084744,23.34523506,7.211102551,17.49285568,19.20937271,20.09975124,5.830951895,23.43074903,17.08800749,2.828427125,10.81665383,14.86606875,9.433981132,12.80624847,4.472135955,15.29705854,6,8.602325267,17.69180601,13.45362405,24.59674775,23.02172887,9.433981132,28.3019434,23.19482701,24.51530134,43.26661531,36.68787266,45.45327271,37.73592453,44.59820624,49.72926704,37.85498646,25.70992026,41.61730409,30.59411708,41.88078318,49.1934955,39.05124838,39.3192065,51.03920062,27.31300057,41.86884283,37.16180835,43.0464865,25.94224354,38.01315562,29.96664813,54.12023651,48.46648326,25.49509757,41.23105626,47.88527958,38.20994635,28.44292531,45.61797891,42.15447782,27.73084925,36.40054945,33.37663854,38.83297568,37.53664876,35.60898763,34.78505426,34,33.42154993,35.34119409,28.60069929,35.4682957,34.6554469,30.08321791,37.64306045,44.29446918,41.03656906,26.2488095,44.40720662
35.12833614,0,20.61552813,38.47076812,27.85677655,30.23243292,17.72004515,30.59411708,23.02172887,24.8394847,19.02629759,33.24154028,29.83286778,36.40054945,38.48376281,29.06888371,17.08800749,24.04163056,30.61045573,25.55386468,22.47220505,22.02271555,23.08679276,35.4682957,23.85372088,29.73213749,25.45584412,24.59674775,38.07886553,23.34523506,26.17250466,32.28002478,20.88061302,25,15.8113883,32.984845,29,21.02379604,33.01514804,31.38470965,34.4818793,27.07397274,29.96664813,31.01612484,36.7151195,29.15475947,29.12043956,28.01785145,25.70992026,19.10497317,12.16552506,28.16025568,21.09502311,12,13.60147051,21.02379604,8,26,17.2626765,27.07397274,16.40121947,5.385164807,10.44030651,21.02379604,5.830951895,20,21.02379604,22.56102835,4.472135955,26.92582404,12.80624847,24.18677324,12.04159458,19.10497317,15,19.41648784,12.80624847,25.55386468,18.02775638,10.19803903,23.19482701,21.1896201,26.57066051,7.280109889,18.02775638,13.60147051,13.45362405,10.04987562,2.828427125,5.830951895,23.08679276,20.24845673,8.246211251,13.92838828,20.1246118,12.36931688,18.43908891,10.19803903,23.2594067,10.63014581,8.062257748,18.43908891,25.49509757,11.18033989,9.486832981
37.80211634,20.61552813,0,29.06888371,36.61966685,42.05948169,27.73084925,36.06937759,35.84689666,40.52159918,25.23885893,36.87817783,42.95346319,43.93176527,46.86149806,32.55764119,17.80449381,38.89730068,43.38202393,37.12142239,34.92849839,36.05551275,25.45584412,43.27817002,36.24913792,43.46262762,40.16217126,35.35533906,48.01041554,38.60051813,41.10960958,38.94868419,20.51828453,38.07886553,26.92582404,38.89730068,43.65775991,32.20248438,35,40,44.65422712,28.42534081,39.66106403,33.42154993,46.61544808,33.24154028,36.23534186,40.24922359,24.41311123,34.92849839,23.08679276,35.60898763,38.47076812,21.1896201,28.63564213,6.08276253,13,7.810249676,3.605551275,7.615773106,20.59126028,16.55294536,17.72004515,4.123105626,17,5,14.03566885,2,20.1246118,13.41640786,13,4.472135955,8.94427191,7.071067812,13.03840481,1.414213562,10.44030651,18.11077028,15.8113883,18.68154169,3.605551275,12,6.403124237,18.11077028,11.40175425,11.40175425,12.08304597,10.77032961,18.24828759,17,2.828427125,2.236067977,12.36931688,7,4.472135955,8.246211251,9.219544457,10.44030651,5.099019514,12.16552506,13.41640786,9.219544457,5,15.8113883,22.02271555
21.02379604,38.47076812,29.06888371,0,29.12043956,36.138622,28.60069929,24.33105012,34.43835072,41.14608122,24.20743687,22.02271555,38.60051813,31,34.0147027,20.61552813,21.63330765,38.91015292,38.32753579,33.24154028,33.54101966,36.23534186,19.41648784,31.01612484,34.0147027,39.84971769,39.39543121,31.38470965,37.01351105,39.35733731,40.31128874,27.16615541,18.43908891,35.84689666,29.83286778,26.07680962,41.43669871,30.88689042,19.02629759,30.41381265,35.22782991,17.4642492,31.78049716,19.23538406,36.05551275,21.58703314,26.68332813,35.73513677,15,38.27531842,29.73213749,26.92582404,42.72001873,28.42534081,34.71310992,35.12833614,35.44009029,34.92849839,31.01612484,33.24154028,47.67598976,38.27531842,28.3019434,33.13608305,32.64965543,34.05877273,43.01162634,29.27456234,41.23105626,41.77319715,26,31.57530681,33.54101966,36.01388621,23.76972865,30.01666204,27.20294102,47.16990566,44.10215414,28.8444102,31.40063694,41.0487515,25.96150997,31.38470965,40.01249805,38.32753579,25.63201124,33.95585369,35.77708764,39.2173431,27.29468813,27.01851217,33.52610923,29.42787794,25,31.57530681,22.36067977,32.984845,24.18677324,28.7923601,36.40054945,38,29.83286778,27.29468813,45.54119015
11.40175425,27.85677655,36.61966685,29.12043956,0,7.071067812,10.29563014,5.656854249,7.615773106,13.45362405,11.40175425,9.219544457,9.486832981,8.544003745,10.81665383,8.544003745,18.86796226,11.40175425,9.219544457,5,7.280109889,9.848857802,12.36931688,7.615773106,6.708203932,10.77032961,11.3137085,4.123105626,11.40175425,12.20655562,12.04159458,5.099019514,17.08800749,7.810249676,12.08304597,6.32455532,12.52996409,7.071067812,11.40175425,3.605551275,8.062257748,12.04159458,3.16227766,10.29563014,10,7.615773106,2.828427125,6.708203932,16.03121954,13.60147051,16.1245155,2.236067977,17,17.20465053,15.13274595,41.10960958,31.6227766,44.40720662,35.4682957,44.10215414,43.829214,31.76476035,20.61552813,39.8246155,24.69817807,39.69886648,45.45327271,38.27531842,32.31098884,48.83646179,24.08318916,41.0487515,33.30165161,40.31128874,23.60084744,36.40054945,26.90724809,50.44799302,43.829214,20,40.22437072,44.59820624,38.91015292,22.47220505,41.86884283,37.80211634,24.8394847,32.01562119,26.83281573,32.64965543,37.21558813,34.66987165,30,31.144823,32.75667871,31.82766093,27.78488798,31.2409987,34.88552709,26.17250466,32.44996148,41.03656906,40.81666326,21.9317122,37.33630941
17.20465053,30.23243292,42.05948169,36.138622,7.071067812,0,14.4222051,12.08304597,7.211102551,9.219544457,17.08800749,15.26433752,2.828427125,9.848857802,10.04987562,15.5241747,24.69817807,8,2.236067977,5,7.810249676,8.544003745,19.10497317,8.94427191,6.403124237,4.242640687,7.071067812,6.708203932,8.246211251,9,7.280109889,10,23.53720459,5.385164807,15.62049935,11.40175425,6.403124237,10,17.88854382,6.403124237,5,19.10497317,4.472135955,17.08800749,7.071067812,14.56021978,9.486832981,2.236067977,23,12.36931688,19.84943324,9.219544457,14.03566885,21.40093456,16.64331698,46.04345773,35.35533906,49.73932046,40.49691346,49.64876635,46.61544808,34.82814953,25,44.94441011,28.28427125,44.65422712,49.51767361,43.829214,34.66987165,53.60037313,29.15475947,46.5295605,37.64306045,45,29.06888371,41.67733197,31.90611227,54.45181356,47.42362281,24.20743687,45.65084884,48.91829923,44.94441011,26.17250466,46.01086828,41.72529209,30.01666204,36.12478374,29.83286778,35.60898763,42.95346319,40.24922359,33.9705755,36.05551275,38.48376281,36.40054945,33.61547263,35.4682957,40.85339643,30.8058436,36.06937759,45.45327271,46.5188134,26.62705391,39.44616585
18.11077028,17.72004515,27.73084925,28.60069929,10.29563014,14.4222051,0,13.03840481,8.246211251,14.03566885,4.472135955,16.03121954,15.23154621,18.78829423,21.09502311,12.36931688,11.04536102,12,15.65247584,9.433981132,7.280109889,9,9.219544457,17.88854382,8.544003745,15.8113883,13.03840481,7.810249676,21.26029163,12.04159458,14.03566885,14.56021978,11.40175425,10.44030651,2,15.29705854,16.2788206,4.472135955,16.4924225,13.89244399,17.69180601,12.20655562,12.80624847,14.56021978,19.84943324,12.16552506,11.40175425,12.52996409,13.60147051,9.848857802,5.830951895,10.44030651,14.31782106,7.071067812,6.708203932,31.6227766,21.40093456,35.35533906,26.07680962,35.34119409,33.54101966,21.47091055,10.63014581,30.52867504,14.4222051,30.23243292,35.38361203,29.54657341,22.13594362,39.20459157,14.76482306,32.20248438,23.34523506,30.61045573,14.86606875,27.29468813,17.49285568,40.36087214,33.60059523,9.899494937,31.30495168,34.6554469,31.04834939,12.20655562,31.82766093,27.65863337,15.65247584,21.9317122,16.55294536,22.36067977,28.7923601,26,19.84943324,21.63330765,24.35159132,22.02271555,19.6468827,21.21320344,26.92582404,16.40121947,22.20360331,31.144823,32.31098884,12.20655562,27.20294102
5.830951895,30.59411708,36.06937759,24.33105012,5.656854249,12.08304597,13.03840481,0,13.03840481,19.10497317,12.08304597,3.605551275,14.76482306,8.062257748,11.18033989,4.123105626,18.43908891,17.02938637,14.31782106,10.63014581,12.52996409,15.26433752,10.63014581,7.615773106,12.20655562,16.1245155,16.97056275,9.433981132,13.34166406,17.80449381,17.69180601,3.16227766,15.62049935,13.45362405,15.03329638,2.828427125,18.02775638,11.40175425,5.830951895,6.08276253,11,8.544003745,7.615773106,5.099019514,12.16552506,3.16227766,2.828427125,12.20655562,13,18.78829423,18.43908891,3.605551275,22.47220505,18.97366596,19.10497317,41.10960958,33.10589071,43.8634244,35.4682957,43.27817002,45.88027899,33.83784863,21.9317122,39.62322551,26.57066051,39.69886648,46.32493929,37.53664876,34.92849839,48.91829923,24.41311123,40.36087214,34.13209633,40.60788101,23.43074903,36.06937759,27.20294102,51.31276644,45.17742799,21.54065923,39.62322551,45.22167622,37.44329045,24.35159132,42.72001873,38.94868419,25,33.12099032,29.12043956,34.78505426,36.23534186,33.9705755,31.30495168,31.40063694,31.89043744,32.44996148,26.90724809,32.24903099,33.60059523,26.92582404,34.0147027,41.61730409,39.8246155,22.82542442,40.02499219
18.86796226,23.02172887,35.84689666,34.43835072,7.615773106,7.211102551,8.246211251,13.03840481,0,6.708203932,12,16.64331698,7.211102551,15,16.2788206,14.86606875,19.23538406,4.472135955,7.810249676,3,1,2.236067977,15.5241747,14,1,7.615773106,5.099019514,3.605551275,15.23154621,5,6.08276253,12.64911064,19.02629759,2.236067977,8.94427191,13.92838828,8.062257748,4,18.43908891,10.04987562,11.70469991,17,8,16.97056275,13.92838828,14.14213562,10.29563014,5,19.92485885,6.08276253,13.03840481,9.433981132,9.433981132,14.76482306,9.433981132,39.44616585,28.31960452,43.38202393,34,43.46262762,39.40812099,27.65863337,18.35755975,38.47076812,21.26029163,38.07886553,42.52058325,37.69615365,27.45906044,46.87216658,22.84731932,40.31128874,30.8058436,38.27531842,23.08679276,35.34119409,25.49509757,47.42362281,40.31128874,17.49285568,39.39543121,42.01190308,39.29376541,19.20937271,39.05124838,34.71310992,23.76972865,29.20616373,22.6715681,28.42534081,37,34.17601498,27.01851217,29.52964612,32.57299495,29.68164416,27.89265136,28.60069929,35.17101079,24.18677324,29,38.60051813,40.49691346,20.1246118,32.24903099
24.8394847,24.8394847,40.52159918,41.14608122,13.45362405,9.219544457,14.03566885,19.10497317,6.708203932,0,18.24828759,22.6715681,7,18.97366596,19.23538406,21.40093456,25,2.236067977,8,8.485281374,7.615773106,5.099019514,22.13594362,18.02775638,7.211102551,6.08276253,2.236067977,10,17,2,2,18.02775638,25.3179778,5.656854249,14.03566885,19.41648784,4.472135955,10.44030651,24.75883681,14.76482306,14.14213562,23.70653918,12.52996409,23.43074903,16.03121954,20.61552813,16.2788206,7.615773106,26.57066051,5.830951895,17.4642492,15.55634919,5.099019514,19.41648784,12.08304597,43.46262762,31.38470965,47.75981575,38.27531842,48.08326112,41.01219331,30,22.8035085,42.72001873,24.59674775,42.15447782,45.48626166,42.44997055,29,50.53711507,27.65863337,44.92215489,34.43835072,42.04759208,28.28427125,39.84971769,30.08321791,50.21951812,42.80186912,21.84032967,43.96589587,45.27692569,44.55333882,22.84731932,42.19004622,37.73592453,28.63564213,32.64965543,25.23885893,30.61045573,41.97618372,39.05124838,30.41381265,33.83784863,37.65634077,33.61547263,33.24154028,32.20248438,40.44749683,28.46049894,31.90611227,42.05948169,45.35416188,24.73863375,33.30165161
16.1245155,19.02629759,25.23885893,24.20743687,11.40175425,17.08800749,4.472135955,12.08304597,12,18.24828759,0,14.31782106,18.43908891,19.20937271,21.9317122,10.04987562,7.615773106,16.1245155,18.68154169,12.36931688,11,13.15294644,5,18.43908891,12.04159458,19.23538406,17.02938637,10.44030651,22.8035085,16.2788206,18.02775638,14.4222051,7.071067812,14.03566885,5.656854249,14.76482306,20.02498439,8,14,14.86606875,19.41648784,8.544003745,14.4222051,12,21.40093456,10.19803903,11.40175425,15.5241747,9.219544457,14.31782106,7.071067812,10.63014581,18.78829423,7.071067812,10.63014581,29.73213749,21.02379604,33.01514804,24.08318916,32.75667871,33.83784863,21.84032967,9.848857802,28.42534081,14.56021978,28.31960452,34.40930107,26.92582404,23.19482701,37.48332963,12.72792206,29.68164416,22.20360331,29,12.20655562,25,15.55634919,39.40812099,33.12099032,9.486832981,28.8444102,33.42154993,27.85677655,12.36931688,30.8058436,26.92582404,13.45362405,21.09502311,17.2626765,22.8035085,25.94224354,23.32380758,19.23538406,19.79898987,21.47091055,20.61552813,16.55294536,20.24845673,23.76972865,15,21.9317122,29.83286778,29.52964612,10.81665383,28.28427125
2.236067977,33.24154028,36.87817783,22.02271555,9.219544457,15.26433752,16.03121954,3.605551275,16.64331698,22.6715681,14.31782106,0,18.02775638,9.055385138,12.16552506,4.472135955,19.72308292,20.61552813,17.49285568,14.2126704,16.1245155,18.86796226,11.66190379,9,15.8113883,19.41648784,20.51828453,13.03840481,15,21.40093456,21.21320344,5.385164807,16.40121947,17.02938637,18.02775638,4.123105626,21.40093456,14.86606875,3,8.94427191,13.34166406,8.485281374,10.81665383,3.605551275,14.03566885,4.123105626,6.403124237,15.62049935,12.80624847,22.36067977,21.09502311,7.211102551,26.07680962,21.37755833,22.36067977,42.20189569,35.11409973,44.59820624,36.61966685,43.84062043,48.08326112,36.138622,24.04163056,40.60788101,28.86173938,40.80441153,47.88527958,38.20994635,37.48332963,50,25.94224354,41.03656906,35.77708764,41.88078318,24.69817807,37.01351105,28.65309756,52.83937925,47.01063709,23.76972865,40.36087214,46.64761516,37.64306045,26.68332813,44.29446918,40.71854614,26.41968963,34.92849839,31.57530681,37.10795063,36.76955262,34.71310992,33.24154028,32.75667871,32.55764119,34,27.65863337,34.0147027,33.9705755,28.63564213,36.05551275,43.0464865,40.31128874,24.69817807,42.57933771
20,29.83286778,42.95346319,38.60051813,9.486832981,2.828427125,15.23154621,14.76482306,7.211102551,7,18.43908891,18.02775638,0,12.52996409,12.36931688,18.02775638,25.96150997,6.32455532,1,6.08276253,8.062257748,7.810249676,21,11.66190379,6.708203932,1.414213562,5.099019514,8.062257748,10,7.280109889,5,12.80624847,25.17935662,5,16.1245155,14.2126704,3.605551275,10.77032961,20.59126028,9.219544457,7.280109889,21.37755833,7.211102551,19.6977156,9.055385138,17.08800749,12.08304597,3,25.07987241,11.18033989,20.24845673,11.70469991,12.04159458,21.9544984,16.2788206,46.64761516,35.4682957,50.53711507,41.18252056,50.56678752,46.22769733,34.6554469,25.55386468,45.65084884,28.42534081,45.27692569,49.67896939,44.77722635,34.20526275,54.08326913,29.96664813,47.42362281,38.01315562,45.48626166,30.08321791,42.48529157,32.64965543,54.56189146,47.38143096,24.69817807,46.5188134,49.2036584,46.17358552,26.40075756,46.22769733,41.86884283,30.87069808,36.40054945,29.69848481,35.38361203,44.01136217,41.23105626,34.20526275,36.7151195,39.56008089,36.89173349,34.78505426,35.80502758,42.05948169,31.38470965,36.12478374,45.80392996,47.5394573,27.29468813,38.83297568
10.04987562,36.40054945,43.93176527,31,8.544003745,9.848857802,18.78829423,8.062257748,15,18.97366596,19.20937271,9.055385138,12.52996409,0,3.16227766,12.08304597,26.17250466,17.4642492,11.66190379,12,15.03329638,17.02938637,18.60107524,1,14,13.89244399,16.76305461,12.16552506,6.08276253,18.43908891,17.08800749,5,23.60084744,14.14213562,20.61552813,5.385164807,16.1245155,15.5241747,12.04159458,5.099019514,5.656854249,16.55294536,7,12.36931688,5.385164807,11.18033989,7.810249676,11.40175425,21.02379604,21.02379604,24.59674775,8.602325267,23.53720459,25.55386468,23.53720459,48.7954916,39.96248241,51.73973328,43.13930922,51.2249939,52.32590181,40.24922359,28.8444102,47.38143096,33.12099032,47.38143096,53.60037313,45.45327271,40.85339643,56.5862174,31.89043744,48.27007354,41.40048309,48.16637832,31.11269837,43.8634244,34.71310992,58.6003413,52.15361924,28.3019434,47.50789408,52.63078947,45.48626166,30.88689042,50,46.04345773,32.55764119,40.22437072,35.34119409,41.14608122,44.20407221,41.86884283,38.27531842,38.94868419,39.8246155,39.8246155,34.82814953,39.40812099,41.61730409,34.20526275,40.81666326,49.04079934,47.80167361,30,45.88027899
13,38.48376281,46.86149806,34.0147027,10.81665383,10.04987562,21.09502311,11.18033989,16.2788206,19.23538406,21.9317122,12.16552506,12.36931688,3.16227766,0,15.23154621,29.06888371,18.02775638,11.40175425,13.34166406,16.4924225,18.11077028,21.63330765,3.605551275,15.29705854,13.60147051,17.11724277,13.92838828,3.605551275,19.02629759,17.2626765,8.062257748,26.62705391,15.03329638,22.82542442,8.544003745,15.8113883,17.4642492,15.13274595,7.211102551,5.099019514,19.6977156,8.544003745,15.5241747,3.605551275,14.31782106,10.63014581,12,24.16609195,22.09072203,26.92582404,11.3137085,24.08318916,28.01785145,25.29822128,51.623638,42.43819035,54.67174773,45.96737974,54.20332093,54.58937626,42.54409477,31.40063694,50.24937811,35.51056181,50.20956084,56.22277119,48.41487375,42.95346319,59.39696962,34.6554469,51.2249939,44.04543109,50.93132631,33.9705755,46.75467891,37.48332963,61.22091146,54.64430437,30.8058436,50.44799302,55.31726674,48.54894438,33.28663395,52.63078947,48.60041152,35.35533906,42.80186912,37.58989226,43.41658669,47.20169488,44.82186966,40.80441153,41.72529209,42.80186912,42.52058325,37.80211634,42.01190308,44.65422712,36.87817783,43.26661531,51.73973328,50.80354318,32.64965543,47.92702787
6.08276253,29.06888371,32.55764119,20.61552813,8.544003745,15.5241747,12.36931688,4.123105626,14.86606875,21.40093456,10.04987562,4.472135955,18.02775638,12.08304597,15.23154621,0,15.26433752,19.20937271,17.72004515,13.03840481,14.14213562,16.97056275,7.211102551,11.70469991,14.2126704,19.31320792,19.41648784,11.40175425,17.4642492,19.84943324,20.24845673,7.280109889,12.04159458,15.8113883,14.31782106,6.708203932,21.02379604,12.20655562,4.123105626,10,15.03329638,4.472135955,11.18033989,2.236067977,16.2788206,1,6.08276253,15.23154621,8.94427191,20,17,6.32455532,24.08318916,17.11724277,18.97366596,37.80211634,30.6757233,40.31128874,32.20248438,39.62322551,43.68065934,31.78049716,19.6468827,36.23534186,24.51530134,36.40054945,43.41658669,33.9411255,33.24154028,45.607017,21.47091055,36.76955262,31.30495168,37.44329045,20.24845673,32.64965543,24.18677324,48.37354649,42.54409477,19.41648784,36.06937759,42.19004622,33.60059523,22.36067977,39.8246155,36.24913792,21.9544984,30.46309242,27.29468813,32.75667871,32.55764119,30.41381265,28.7923601,28.3019434,28.28427125,29.52964612,23.34523506,29.54657341,29.83286778,24.16609195,31.6227766,38.58756276,36.12478374,20.24845673,38.32753579
21.02379604,17.08800749,17.80449381,21.63330765,18.86796226,24.69817807,11.04536102,18.43908891,19.23538406,25,7.615773106,19.72308292,25.96150997,26.17250466,29.06888371,15.26433752,0,23.02172887,26.2488095,19.92485885,18.24828759,20.02498439,8.062257748,25.49509757,19.41648784,26.68332813,24.08318916,18.02775638,30.23243292,23,25.07987241,21.21320344,4,21.37755833,11.04536102,21.26029163,27.29468813,15.29705854,18.38477631,22.20360331,26.92582404,11.70469991,21.9544984,16.55294536,28.8444102,15.8113883,18.43908891,23.08679276,9,20.22374842,8.94427191,17.80449381,24.51530134,7.211102551,14.86606875,22.6715681,16.1245155,25.61249695,17.02938637,25.23885893,29.27456234,18.02775638,6.708203932,21.21320344,11.40175425,21.26029163,28.17800561,19.41648784,20.39607805,30.47950131,6.32455532,22.20360331,16.15549442,22.20360331,5,17.69180601,8.94427191,33.12099032,27.51363298,7.211102551,21.40093456,26.92582404,20.24845673,9.848857802,24.59674775,21.1896201,6.708203932,15.5241747,14.56021978,19.02629759,18.35755975,15.8113883,14.14213562,13.03840481,13.89244399,14.31782106,8.94427191,14.56021978,16.15549442,9.219544457,17.11724277,23.32380758,21.9544984,6.08276253,25.17935662
22.8035085,24.04163056,38.89730068,38.91015292,11.40175425,8,12,17.02938637,4.472135955,2.236067977,16.1245155,20.61552813,6.32455532,17.4642492,18.02775638,19.20937271,23.02172887,0,7.280109889,6.403124237,5.385164807,3,19.92485885,16.4924225,5,5.830951895,1.414213562,7.810249676,16.1245155,1,2.236067977,16.1245155,23.19482701,3.605551275,12.16552506,17.49285568,5,8.246211251,22.627417,13,13,21.47091055,10.77032961,21.26029163,15.03329638,18.43908891,14.2126704,6.08276253,24.35159132,5,15.8113883,13.45362405,6.08276253,17.72004515,10.81665383,42.04759208,30.23243292,46.23851209,36.76955262,46.4865572,40.36087214,29.06888371,21.1896201,41.23105626,23.32380758,40.71854614,44.40720662,40.80441153,28.31960452,49.24428901,25.96150997,43.32435804,33.12099032,40.70626487,26.47640459,38.27531842,28.46049894,49.2036584,41.86884283,20.24845673,42.3792402,44.10215414,42.75511665,21.47091055,41.0487515,36.61966685,26.92582404,31.38470965,24.20743687,29.73213749,40.26164428,37.36308338,29.15475947,32.31098884,35.90264614,32.20248438,31.40063694,30.88689042,38.63935817,26.92582404,30.8058436,40.81666326,43.68065934,23.08679276,32.80243893
19.41648784,30.61045573,43.38202393,38.32753579,9.219544457,2.236067977,15.65247584,14.31782106,7.810249676,8,18.68154169,17.49285568,1,11.66190379,11.40175425,17.72004515,26.2488095,7.280109889,0,6.32455532,8.602325267,8.602325267,21.02379604,10.81665383,7.211102551,2.236067977,6.08276253,8.246211251,9,8.246211251,6,12.20655562,25.3179778,5.656854249,16.64331698,13.60147051,4.472135955,11.18033989,20.1246118,8.602325267,6.32455532,21.21320344,6.708203932,19.31320792,8.062257748,16.76305461,11.70469991,3.16227766,25.01999201,12.08304597,20.80865205,11.40175425,13.03840481,22.47220505,17.02938637,47.16990566,36.12478374,51,41.67733197,50.99019514,47.01063709,35.38361203,26.07680962,46.14108798,29.06888371,45.79301257,50.32891813,45.18849411,35,54.64430437,30.41381265,47.85394446,38.60051813,46.04345773,30.46309242,42.94182111,33.12099032,55.22680509,48.08326112,25.23885893,46.95742753,49.81967483,46.4865572,27.01851217,46.86149806,42.52058325,31.30495168,37.01351105,30.41381265,36.12478374,44.38468204,41.62931659,34.82814953,37.21558813,39.92492956,37.44329045,35.11409973,36.40054945,42.3792402,31.90611227,36.79673899,46.40043103,47.92702787,27.78488798,39.66106403
16.40121947,25.55386468,37.12142239,33.24154028,5,5,9.433981132,10.63014581,3,8.485281374,12.36931688,14.2126704,6.08276253,12,13.34166406,13.03840481,19.92485885,6.403124237,6.32455532,0,3.16227766,5.099019514,15.03329638,11,2,7,6.403124237,2,12.52996409,7.211102551,7.211102551,9.848857802,19.10497317,2.828427125,10.63014581,11.18033989,8.246211251,5,16.2788206,7.071067812,8.94427191,15.8113883,5,15,11.18033989,12.20655562,7.810249676,3.16227766,19.23538406,9.055385138,14.86606875,7.071067812,12.08304597,16.40121947,12.08304597,41.0487515,30.41381265,44.77722635,35.51056181,44.72135955,41.88078318,30,20,39.96248241,23.34523506,39.66106403,44.55333882,38.91015292,30.01666204,48.60041152,24.18677324,41.59326869,32.64965543,40,24.16609195,36.7151195,26.92582404,49.49747468,42.52058325,19.20937271,40.70626487,43.93176527,40.16217126,21.21320344,41.03656906,36.76955262,25.05992817,31.144823,25,30.8058436,38.07886553,35.34119409,29,31.06444913,33.61547263,31.40063694,28.7923601,30.47950131,36.05551275,25.8069758,31.144823,40.45985665,41.62931659,21.63330765,34.88552709
18.35755975,22.47220505,34.92849839,33.54101966,7.280109889,7.810249676,7.280109889,12.52996409,1,7.615773106,11,16.1245155,8.062257748,15.03329638,16.4924225,14.14213562,18.24828759,5.385164807,8.602325267,3.16227766,0,2.828427125,14.56021978,14.03566885,1.414213562,8.544003745,6.08276253,3.16227766,15.65247584,5.830951895,7.071067812,12.36931688,18.02775638,3.16227766,8.062257748,13.60147051,9.055385138,3,17.80449381,10,12.08304597,16.1245155,8.062257748,16.2788206,14.31782106,13.45362405,9.848857802,5.656854249,18.97366596,6.32455532,12.20655562,8.94427191,10,13.89244399,8.94427191,38.58756276,27.58622845,42.48529157,33.12099032,42.54409477,38.83297568,27.01851217,17.49285568,37.58989226,20.51828453,37.21558813,41.77319715,36.76955262,26.92582404,46.04345773,21.9317122,39.39543121,30,37.44329045,22.13594362,34.43835072,24.59674775,46.69047012,39.62322551,16.64331698,38.48376281,41.23105626,38.32753579,18.43908891,38.28837944,33.9705755,22.84731932,28.42534081,22.02271555,27.80287755,36.05551275,33.24154028,26.2488095,28.65309756,31.6227766,28.8444102,26.92582404,27.80287755,34.20526275,23.32380758,28.28427125,37.80211634,39.56008089,19.23538406,31.76476035
21.09502311,22.02271555,36.05551275,36.23534186,9.848857802,8.544003745,9,15.26433752,2.236067977,5.099019514,13.15294644,18.86796226,7.810249676,17.02938637,18.11077028,16.97056275,20.02498439,3,8.602325267,5.099019514,2.828427125,0,17.08800749,16.03121954,3.16227766,7.810249676,4.123105626,5.830951895,16.76305461,3.16227766,5.099019514,14.86606875,20.22374842,3.16227766,9.219544457,16.15549442,7.615773106,5.385164807,20.61552813,12.16552506,13.34166406,18.86796226,10.04987562,19.10497317,15.5241747,16.2788206,12.52996409,6.32455532,21.54065923,4,13,11.66190379,7.211102551,14.86606875,8.485281374,39.35733731,27.80287755,43.46262762,34.0147027,43.65775991,38.41874542,26.87005769,18.38477631,38.48376281,20.80865205,38.01315562,42.01190308,37.94733192,26.40075756,46.64761516,23.08679276,40.49691346,30.52867504,38.07886553,23.53720459,35.4682957,25.63201124,46.86149806,39.62322551,17.4642492,39.56008089,41.61730409,39.81205847,18.86796226,38.60051813,34.20526275,24.04163056,28.8444102,21.9317122,27.58622845,37.36308338,34.4818793,26.62705391,29.54657341,32.984845,29.52964612,28.44292531,28.3019434,35.6931366,24.16609195,28.42534081,38.27531842,40.80441153,20.24845673,31.06444913
13,23.08679276,25.45584412,19.41648784,12.36931688,19.10497317,9.219544457,10.63014581,15.5241747,22.13594362,5,11.66190379,21,18.60107524,21.63330765,7.211102551,8.062257748,19.92485885,21.02379604,15.03329638,14.56021978,17.08800749,0,18.02775638,15.29705854,22.02271555,20.61552813,13.03840481,23.2594067,20.24845673,21.58703314,13.60147051,5,17.2626765,10.63014581,13.45362405,23.19482701,11.70469991,10.44030651,15.23154621,20.24845673,4,15.5241747,8.544003745,21.9317122,7.810249676,11.18033989,18,4.472135955,18.86796226,11.70469991,10.77032961,23.32380758,11.18033989,15.62049935,30.61045573,23.76972865,33.24154028,25,32.64965543,36.87817783,25.17935662,13.03840481,29.06888371,18.02775638,29.20616373,36.23534186,26.90724809,27,38.41874542,14.31782106,29.73213749,24.16609195,30.23243292,13.03840481,25.49509757,17,41.18252056,35.4682957,13,29,34.98571137,26.92582404,16,32.64965543,29.15475947,14.76482306,23.40939982,21,26.17250466,25.61249695,23.34523506,21.84032967,21.09502311,21.26029163,22.36067977,16.2788206,22.47220505,23.02172887,17.08800749,24.73863375,31.38470965,29.20616373,13.34166406,32.01562119
10.19803903,35.4682957,43.27817002,31.01612484,7.615773106,8.94427191,17.88854382,7.615773106,14,18.02775638,18.43908891,9,11.66190379,1,3.605551275,11.70469991,25.49509757,16.4924225,10.81665383,11,14.03566885,16.03121954,18.02775638,0,13,13.03840481,15.8113883,11.18033989,6,17.4642492,16.15549442,4.472135955,23.02172887,13.15294644,19.6977156,5.099019514,15.26433752,14.56021978,12,4.123105626,5,16.15549442,6,12.16552506,5.099019514,10.77032961,7.071067812,10.44030651,20.61552813,20.02498439,23.70653918,7.810249676,22.56102835,24.69817807,22.56102835,48.08326112,39.11521443,51.0881591,42.42640687,50.60632372,51.42956348,39.35733731,28.01785145,46.69047012,32.24903099,46.66904756,52.80151513,44.82186966,39.92492956,55.86591089,31.144823,47.63402146,40.60788101,47.42362281,30.41381265,43.18564576,33.9705755,57.80138407,51.31276644,27.45906044,46.86149806,51.85556865,44.94441011,30.01666204,49.2036584,45.22167622,31.82766093,39.40812099,34.43835072,40.24922359,43.60045871,41.23105626,37.44329045,38.20994635,39.20459157,39.05124838,34.20526275,38.60051813,41.0487515,33.42154993,39.96248241,48.27007354,47.20169488,29.20616373,44.94441011
18.02775638,23.85372088,36.24913792,34.0147027,6.708203932,6.403124237,8.544003745,12.20655562,1,7.211102551,12.04159458,15.8113883,6.708203932,14,15.29705854,14.2126704,19.41648784,5,7.211102551,2,1.414213562,3.16227766,15.29705854,13,0,7.280109889,5.385164807,2.828427125,14.31782106,5.656854249,6.32455532,11.70469991,19,2,9.433981132,13,8,4.123105626,17.69180601,9.055385138,10.77032961,16.55294536,7,16.2788206,13,13.45362405,9.433981132,4.242640687,19.6468827,7.071067812,13.60147051,8.602325267,10.29563014,15.26433752,10.29563014,39.96248241,29,43.829214,34.4818793,43.8634244,40.22437072,28.42534081,18.86796226,38.94868419,21.9317122,38.58756276,43.18564576,38.07886553,28.3019434,47.4341649,23.2594067,40.71854614,31.40063694,38.83297568,23.40939982,35.77708764,25.94224354,48.10405388,41.03656906,18.02775638,39.81205847,42.63801121,39.56008089,19.84943324,39.69886648,35.38361203,24.16609195,29.83286778,23.43074903,29.20616373,37.33630941,34.53983208,27.65863337,30.01666204,32.89376841,30.23243292,28.16025568,29.20616373,35.44009029,24.69817807,29.69848481,39.20459157,40.85339643,20.59126028,33.12099032
21.40093456,29.73213749,43.46262762,39.84971769,10.77032961,4.242640687,15.8113883,16.1245155,7.615773106,6.08276253,19.23538406,19.41648784,1.414213562,13.89244399,13.60147051,19.31320792,26.68332813,5.830951895,2.236067977,7,8.544003745,7.810249676,22.02271555,13.03840481,7.280109889,0,4.472135955,9,11.04536102,6.708203932,4.123105626,14.2126704,26.07680962,5.385164807,16.55294536,15.62049935,2.236067977,11.40175425,21.9544984,10.63014581,8.544003745,22.56102835,8.602325267,21.02379604,10.19803903,18.38477631,13.41640786,4.123105626,26.17250466,10.81665383,20.59126028,13,11.18033989,22.36067977,16.2788206,47.01063709,35.60898763,50.99019514,41.59326869,51.07837116,46.09772229,34.6554469,25.94224354,46.06517123,28.60069929,45.65084884,49.81967483,45.31004304,34.05877273,54.3783045,30.46309242,47.92702787,38.27531842,45.79301257,30.6757233,42.95346319,33.10589071,54.67174773,47.42362281,25.05992817,47.01063709,49.40647731,46.84015371,26.62705391,46.40043103,42.01190308,31.38470965,36.61966685,29.73213749,35.35533906,44.59820624,41.78516483,34.40930107,37.12142239,40.16217126,37.21558813,35.44009029,36.05551275,42.72001873,31.76476035,36.23534186,46.04345773,48.10405388,27.73084925,38.60051813
22.6715681,25.45584412,40.16217126,39.39543121,11.3137085,7.071067812,13.03840481,16.97056275,5.099019514,2.236067977,17.02938637,20.51828453,5.099019514,16.76305461,17.11724277,19.41648784,24.08318916,1.414213562,6.08276253,6.403124237,6.08276253,4.123105626,20.61552813,15.8113883,5.385164807,4.472135955,0,8.062257748,15.03329638,2.236067977,1,15.8113883,24.08318916,3.605551275,13.34166406,17.20465053,3.605551275,9.055385138,22.6715681,12.52996409,12.04159458,21.9317122,10.29563014,21.40093456,14,18.60107524,14.14213562,5.385164807,25,6.403124237,17.08800749,13.45362405,7,18.97366596,12.20655562,43.38202393,31.6227766,47.5394573,38.07886553,47.75981575,41.77319715,30.47950131,22.47220505,42.54409477,24.69817807,42.04759208,45.80392996,42.05948169,29.73213749,50.60632372,27.20294102,44.59820624,34.4818793,42.05948169,27.65863337,39.56008089,29.73213749,50.60632372,43.27817002,21.54065923,43.65775991,45.48626166,43.93176527,22.82542442,42.43819035,38.01315562,28.16025568,32.75667871,25.61249695,31.144823,41.48493703,38.60051813,30.52867504,33.61547263,37.10795063,33.54101966,32.55764119,32.24903099,39.81205847,28.23118843,32.20248438,42.19004622,44.92215489,24.35159132,34.20526275
15.26433752,24.59674775,35.35533906,31.38470965,4.123105626,6.708203932,7.810249676,9.433981132,3.605551275,10,10.44030651,13.03840481,8.062257748,12.16552506,13.92838828,11.40175425,18.02775638,7.810249676,8.246211251,2,3.16227766,5.830951895,13.03840481,11.18033989,2.828427125,9,8.062257748,0,13.60147051,8.485281374,8.94427191,9.219544457,17.11724277,4.472135955,9.219544457,10.44030651,10.19803903,3.605551275,14.86606875,7.071067812,10,13.92838828,5.385164807,13.45362405,12.20655562,10.63014581,6.708203932,5.099019514,17.2626765,9.486832981,13.45362405,5.830951895,13.03840481,14.86606875,11.40175425,39.40812099,29.06888371,43.0464865,33.83784863,42.94182111,40.81666326,28.8444102,18.43908891,38.27531842,22.02271555,38.01315562,43.13930922,37.12142239,29.06888371,47.01063709,22.47220505,39.8246155,31.144823,38.41874542,22.36067977,34.98571137,25.23885893,48.10405388,41.23105626,17.69180601,38.94868419,42.44997055,38.27531842,19.84943324,39.59797975,35.38361203,23.32380758,29.69848481,23.85372088,29.68164416,36.24913792,33.54101966,27.58622845,29.41088234,31.78049716,29.83286778,26.92582404,29,34.17601498,24.20743687,29.83286778,38.94868419,39.81205847,20,34.0147027
16.1245155,38.07886553,48.01041554,37.01351105,11.40175425,8.246211251,21.26029163,13.34166406,15.23154621,17,22.8035085,15,10,6.08276253,3.605551275,17.4642492,30.23243292,16.1245155,9,12.52996409,15.65247584,16.76305461,23.2594067,6,14.31782106,11.04536102,15.03329638,13.60147051,0,17.11724277,15,10.19803903,28.17800561,13.60147051,22.8035085,11.04536102,13.15294644,17.20465053,18,8.062257748,3.605551275,21.84032967,8.485281374,18.11077028,1.414213562,16.4924225,12.08304597,10.44030651,26.2488095,20.61552813,27.01851217,12.52996409,22.02271555,28.31960452,24.59674775,52.49761899,42.63801121,55.80322571,46.86149806,55.47071299,54.3783045,42.43819035,31.82766093,51.2249939,35.60898763,51.0881591,56.63920903,49.64876635,42.54409477,60.20797289,35.4682957,52.43090692,44.55333882,51.66236541,35,47.80167361,38.28837944,61.61980201,54.81788029,31.144823,51.6139516,55.86591089,50.11985634,33.42154993,53.07541804,48.91829923,36.23534186,43.18564576,37.44329045,43.26661531,48.54894438,46.04345773,41.10960958,42.52058325,44.10215414,43.13930922,39.11521443,42.44997055,46.14108798,37.48332963,43.41658669,52.32590181,52.15361924,33.24154028,47.41307836
23.60084744,23.34523506,38.60051813,39.35733731,12.20655562,9,12.04159458,17.80449381,5,2,16.2788206,21.40093456,7.280109889,18.43908891,19.02629759,19.84943324,23,1,8.246211251,7.211102551,5.830951895,3.16227766,20.24845673,17.4642492,5.656854249,6.708203932,2.236067977,8.485281374,17.11724277,0,2.828427125,17,23.34523506,4.472135955,12.04159458,18.35755975,5.656854249,8.544003745,23.34523506,13.92838828,14,21.9544984,11.70469991,21.9317122,16.03121954,19.10497317,15,7.071067812,24.69817807,4.242640687,15.5241747,14.2126704,5.099019514,17.4642492,10.29563014,41.62931659,29.68164416,45.88027899,36.40054945,46.17358552,39.62322551,28.42534081,20.88061302,40.85339643,22.82542442,40.31128874,43.829214,40.52159918,27.58622845,48.76474136,25.70992026,43.01162634,32.64965543,40.24922359,26.30589288,37.94733192,28.16025568,48.60041152,41.23105626,19.92485885,42.05948169,43.56604182,42.57933771,21.02379604,40.49691346,36.05551275,26.68332813,30.88689042,23.60084744,29.06888371,40.02499219,37.10795063,28.65309756,31.95309062,35.6931366,31.78049716,31.25699922,30.41381265,38.47076812,26.57066051,30.23243292,40.31128874,43.41658669,22.8035085,32.01562119
23.34523506,26.17250466,41.10960958,40.31128874,12.04159458,7.280109889,14.03566885,17.69180601,6.08276253,2,18.02775638,21.21320344,5,17.08800749,17.2626765,20.24845673,25.07987241,2.236067977,6,7.211102551,7.071067812,5.099019514,21.58703314,16.15549442,6.32455532,4.123105626,1,8.94427191,15,2.828427125,0,16.40121947,25.07987241,4.472135955,14.31782106,17.80449381,2.828427125,10.04987562,23.43074903,13.03840481,12.16552506,22.84731932,10.81665383,22.20360331,14.03566885,19.41648784,14.86606875,5.830951895,25.96150997,7.071067812,18.02775638,14.2126704,7.071067812,19.92485885,13.03840481,44.28317965,32.44996148,48.46648326,39,48.70318265,42.44997055,31.2409987,23.40939982,43.46262762,25.55386468,42.95346319,46.61544808,43.01162634,30.41381265,51.4781507,28.16025568,45.54119015,35.35533906,42.94182111,28.63564213,40.49691346,30.6757233,51.4003891,44.04543109,22.47220505,44.59820624,46.32493929,44.91102315,23.70653918,43.26661531,38.83297568,29.12043956,33.61547263,26.40075756,31.89043744,42.44997055,39.56008089,31.38470965,34.53983208,38.07886553,34.43835072,33.54101966,33.12099032,40.79215611,29.15475947,33.01514804,43.0464865,45.88027899,25.29822128,34.82814953
7.211102551,32.28002478,38.94868419,27.16615541,5.099019514,10,14.56021978,3.16227766,12.64911064,18.02775638,14.4222051,5.385164807,12.80624847,5,8.062257748,7.280109889,21.21320344,16.1245155,12.20655562,9.848857802,12.36931688,14.86606875,13.60147051,4.472135955,11.70469991,14.2126704,15.8113883,9.219544457,10.19803903,17,16.40121947,0,18.60107524,12.52996409,16.4924225,1.414213562,16.2788206,12,8.246211251,3.605551275,8.062257748,11.70469991,5.656854249,8,9.055385138,6.32455532,3.16227766,10.63014581,16.15549442,18.68154169,20.24845673,4.123105626,21.9317122,21.02379604,20.02498439,43.8634244,35.35533906,46.75467891,38.20994635,46.22769733,47.92702787,35.84689666,24.18677324,42.42640687,28.63564213,42.44997055,48.82622246,40.45985665,36.68787266,51.66236541,27.01851217,43.27817002,36.61966685,43.27817002,26.17250466,38.89730068,29.83286778,53.82378656,47.50789408,23.70653918,42.52058325,47.80167361,40.49691346,26.40075756,45.22167622,41.34005322,27.65863337,35.51056181,31.01612484,36.76955262,39.20459157,36.87817783,33.61547263,34.05877273,34.82814953,35,29.83286778,34.66987165,36.61966685,29.41088234,36.23534186,44.20407221,42.80186912,25.23885893,41.76122604
17.49285568,20.88061302,20.51828453,18.43908891,17.08800749,23.53720459,11.40175425,15.62049935,19.02629759,25.3179778,7.071067812,16.40121947,25.17935662,23.60084744,26.62705391,12.04159458,4,23.19482701,25.3179778,19.10497317,18.02775638,20.22374842,5,23.02172887,19,26.07680962,24.08318916,17.11724277,28.17800561,23.34523506,25.07987241,18.60107524,0,21,12.08304597,18.43908891,27,15.03329638,14.76482306,20.1246118,25.07987241,8.062257748,20.24845673,13.03840481,26.83281573,12.72792206,16.1245155,22.20360331,5,21.1896201,11.3137085,15.65247584,25.63201124,10,16.64331698,25.8069758,20.09975124,28.28427125,20.24845673,27.65863337,33.24154028,22.02271555,10.44030651,24.20743687,15.29705854,24.41311123,31.78049716,21.9317122,24.33105012,33.60059523,10.19803903,24.75883681,19.92485885,25.55386468,8.544003745,20.61552813,12.64911064,36.67424164,31.32091953,10.77032961,24.04163056,30.41381265,21.9544984,13.60147051,28.23118843,25,10.44030651,19.41648784,18.43908891,23.02172887,20.61552813,18.38477631,18.11077028,16.55294536,16.2788206,18.02775638,11.3137085,18.43908891,18.02775638,13.15294644,21.09502311,26.83281573,24.20743687,10.04987562,29.15475947
19.20937271,25,38.07886553,35.84689666,7.810249676,5.385164807,10.44030651,13.45362405,2.236067977,5.656854249,14.03566885,17.02938637,5,14.14213562,15.03329638,15.8113883,21.37755833,3.605551275,5.656854249,2.828427125,3.16227766,3.16227766,17.2626765,13.15294644,2,5.385164807,3.605551275,4.472135955,13.60147051,4.472135955,4.472135955,12.52996409,21,0,11.18033989,13.89244399,6,6.08276253,19.10497317,9.486832981,10.19803903,18.38477631,7.280109889,17.80449381,12.36931688,15,10.63014581,3.16227766,21.58703314,7.071067812,15.26433752,9.899494937,9.486832981,17,11.40175425,41.67733197,30.47950131,45.61797891,36.23534186,45.69463864,41.40048309,29.73213749,20.59126028,40.70626487,23.43074903,40.31128874,44.68780594,39.92492956,29.41088234,49.09175083,25.07987241,42.54409477,33.01514804,40.49691346,25.29822128,37.57658846,27.73084925,49.57822102,42.42640687,19.72308292,41.62931659,44.20407221,41.48493703,21.40093456,41.23105626,36.87817783,26,31.40063694,24.75883681,30.47950131,39.2173431,36.40054945,29.20616373,31.76476035,34.78505426,31.90611227,30.08321791,30.8058436,37.36308338,26.41968963,31.144823,40.80441153,42.72001873,22.36067977,34.13209633
