0.0,27.7,20.6,29.1,25.6,15.1,25.3,26.9,11.7,23.3,16.8,19.6,38.1,30.8,39.4,36.1,40.3,33.3,35.4,39.1,10.0,11.7,12.2,30.5,15.0,24.1,34.2,17.1,36.3,20.0,20.6,33.5,31.6,33.5,32.4,38.1,35.4,39.3,41.2,40.3,32.2,18.7,19.3,16.6,31.0,22.4,25.7,18.0,10.8,31.0,22.8,25.0,21.2,45.2,40.0,35.1,45.0,35.1,45.0,40.0,45.3,22.4,18.0,14.1,21.5,25.3,16.6,12.2,20.1,15.8,58.5,57.0,23.9,55.7,19.8,15.8,52.2,32.4,39.3,51.1,51.5,47.4,35.4,32.4,31.0,46.2,26.5,24.3,26.9,21.3,20.6,22.4,44.2,8.2,40.6,37.2,24.2,40.3,30.8,33.5,38.1
27.7,0.0,8.6,11.7,12.0,14.1,48.8,7.8,23.4,24.5,19.2,18.0,28.8,30.0,31.6,32.4,33.5,34.0,37.0,37.3,33.3,29.1,33.2,39.1,36.8,31.3,45.9,37.0,52.0,40.6,37.7,58.0,54.7,56.2,53.3,61.7,55.8,61.0,62.7,60.0,59.2,46.2,47.0,44.3,58.5,50.1,53.1,45.7,38.5,55.1,50.2,52.5,48.3,70.5,65.8,60.8,71.0,61.6,71.4,66.5,72.0,45.0,40.0,35.1,45.2,50.6,40.3,35.4,46.1,40.6,62.2,58.7,45.0,60.2,40.0,12.2,55.2,36.1,43.6,57.0,59.9,51.9,30.5,28.3,24.8,44.7,24.4,31.4,19.8,11.7,21.5,17.0,18.0,19.7,14.8,11.2,36.4,12.8,6.0,5.8,10.4
20.6,8.6,0.0,17.0,15.5,5.8,40.3,13.0,14.9,17.0,10.8,10.0,25.0,23.5,27.5,26.9,29.2,27.5,30.4,31.6,25.0,20.5,24.8,31.3,28.3,23.3,37.9,28.4,43.7,32.0,29.2,49.5,46.1,47.6,44.7,53.2,47.2,52.4,54.1,51.5,52.8,39.3,39.8,37.0,51.7,42.7,46.3,38.1,31.3,50.1,42.5,44.7,40.3,65.0,60.1,55.1,65.2,55.4,65.4,60.4,65.8,40.3,35.4,30.4,40.1,45.0,35.1,30.1,40.1,35.0,64.0,61.0,40.8,61.7,35.9,5.0,57.0,36.8,44.6,58.0,60.2,53.2,33.5,30.9,27.7,47.5,25.8,30.6,22.4,12.5,21.2,18.0,26.6,12.4,23.3,19.7,34.5,21.2,13.9,14.1,18.0
29.1,11.7,17.0,0.0,3.6,20.4,53.3,4.1,29.4,34.0,27.2,27.0,40.3,40.4,43.1,43.4,44.9,44.4,47.4,48.3,37.2,34.5,38.0,48.1,41.6,40.1,54.5,42.5,59.7,46.1,44.3,62.1,59.5,61.3,59.1,66.4,61.8,66.6,68.4,66.5,57.2,45.8,47.0,44.7,57.5,50.4,52.2,46.7,38.9,51.0,51.6,53.8,50.2,66.5,62.3,57.6,67.7,59.1,68.4,63.7,69.5,40.8,36.1,31.4,41.4,47.5,37.2,32.6,43.8,38.0,51.1,47.4,40.0,49.2,35.2,17.5,44.0,26.0,33.1,46.3,49.6,41.0,19.1,17.2,13.6,33.2,14.6,23.1,9.5,7.8,14.1,9.2,16.8,22.8,13.3,11.0,29.0,16.1,7.2,13.0,17.5
25.6,12.0,15.5,3.6,0.0,18.0,50.1,4.5,26.7,32.2,25.0,25.2,39.8,39.1,42.5,42.4,44.3,43.0,45.9,47.1,34.0,31.6,34.9,46.0,38.5,38.0,52.2,39.6,57.1,43.1,41.5,58.8,56.4,58.1,56.1,63.1,58.9,63.6,65.4,63.6,53.7,42.2,43.4,41.1,53.9,46.9,48.5,43.1,35.4,47.5,48.1,50.2,46.8,63.1,58.8,54.1,64.2,55.5,64.8,60.2,65.9,37.4,32.6,27.9,37.9,44.0,33.6,29.1,40.2,34.4,50.2,46.8,36.7,48.2,31.8,15.0,43.1,24.2,31.6,45.0,48.0,39.8,18.6,16.3,12.8,32.8,12.5,20.4,7.8,4.5,11.0,6.0,20.2,19.7,16.8,14.1,26.1,19.0,9.2,14.9,19.6
15.1,14.1,5.8,20.4,18.0,0.0,34.7,16.8,9.4,14.9,7.1,8.1,26.2,22.4,28.3,26.6,29.7,26.0,28.8,30.9,19.2,15.0,19.1,28.0,22.7,20.0,34.1,23.0,39.3,26.6,24.2,43.9,40.6,42.2,39.4,47.6,42.1,47.2,48.9,46.5,47.4,33.7,34.2,31.3,46.1,37.0,40.8,32.3,25.7,45.4,36.7,38.9,34.5,60.0,55.0,50.0,60.0,50.2,60.1,55.1,60.4,35.9,31.0,26.2,35.5,40.0,30.4,25.5,35.0,30.1,63.5,60.9,36.7,61.0,32.0,3.0,56.6,36.1,43.8,57.0,58.7,52.4,34.5,31.6,28.9,47.9,26.0,29.1,23.5,14.0,20.6,18.7,32.0,7.0,28.6,25.0,32.0,26.9,18.9,19.8,23.9
25.3,48.8,40.3,53.3,50.1,34.7,0.0,50.5,25.5,30.5,30.6,33.0,43.9,33.5,43.4,38.2,43.2,33.1,33.0,38.0,16.1,19.8,15.6,24.1,12.0,24.7,21.5,12.2,17.7,8.9,13.6,9.2,6.3,8.2,8.5,13.0,11.4,14.1,16.1,16.3,31.2,21.5,19.7,18.4,27.2,18.4,24.8,15.7,20.1,38.8,14.1,15.0,11.4,46.4,41.2,37.5,44.1,34.8,43.0,38.8,41.6,36.1,34.7,34.1,34.2,32.8,31.8,31.1,28.6,29.8,79.9,79.3,38.9,76.9,37.7,37.0,74.3,56.1,62.0,72.0,71.1,69.4,60.4,57.5,56.3,70.1,51.7,48.2,52.2,45.7,45.9,47.5,66.7,30.5,63.3,59.7,46.0,61.5,53.4,54.5,58.1
26.9,7.8,13.0,4.1,4.5,16.8,50.5,0.0,26.0,30.0,23.3,23.0,36.2,36.3,39.0,39.3,40.9,40.3,43.3,44.1,34.4,31.3,35.0,44.2,38.6,36.2,50.6,39.4,56.0,42.9,40.9,59.4,56.6,58.3,55.9,63.5,58.6,63.5,65.3,63.2,56.5,44.4,45.5,43.0,56.4,48.8,51.0,44.8,37.2,51.0,49.7,51.9,48.1,66.5,62.1,57.3,67.4,58.5,68.0,63.2,68.9,40.8,35.9,31.0,41.2,47.1,36.7,32.0,43.1,37.3,54.5,50.9,40.3,52.5,35.4,13.9,47.4,28.7,36.1,49.4,52.5,44.2,22.7,20.5,17.0,36.9,17.0,24.7,12.2,6.3,15.1,10.2,17.5,20.0,13.9,10.8,30.3,15.1,5.0,10.4,15.3
11.7,23.4,14.9,29.4,26.7,9.4,25.5,26.0,0.0,11.7,6.1,9.1,26.6,19.2,27.7,24.4,28.7,21.9,24.2,27.6,10.8,5.7,10.0,20.9,13.5,13.4,26.1,13.6,30.4,17.2,14.9,34.7,31.2,32.8,30.0,38.3,32.6,37.7,39.4,37.2,42.0,28.0,28.0,25.0,40.0,30.3,35.0,25.3,20.1,42.4,29.1,31.3,26.6,55.9,50.6,45.7,55.3,45.2,55.1,50.2,55.0,34.0,29.7,25.6,33.1,36.4,28.2,23.9,31.0,27.3,68.0,65.9,35.5,65.3,31.4,12.1,61.3,40.9,48.3,60.9,61.9,56.8,41.3,38.3,36.1,53.9,32.4,33.1,31.0,22.4,26.5,26.0,41.4,8.2,38.0,34.4,34.4,36.1,28.3,29.0,32.6
23.3,24.5,17.0,34.0,32.2,14.9,30.5,30.0,11.7,0.0,8.1,7.1,15.3,7.8,16.2,12.8,17.0,11.2,13.9,16.4,20.1,14.1,18.0,14.6,20.2,7.2,21.5,18.7,28.3,21.5,17.0,39.4,35.0,36.1,32.0,41.9,34.0,39.7,41.0,37.5,52.6,38.6,38.3,35.4,50.2,40.0,45.4,35.1,31.0,53.9,38.1,40.1,35.1,66.9,61.6,56.8,66.1,55.9,65.8,60.8,65.4,45.7,41.3,37.2,44.7,47.8,39.8,35.5,42.4,38.9,78.0,75.6,47.2,75.5,43.0,17.7,71.2,50.6,58.3,71.3,72.6,66.9,49.3,46.5,43.7,62.8,40.9,43.3,38.3,28.6,35.3,33.5,41.8,18.4,38.9,35.4,45.3,35.3,30.4,28.8,30.9
16.8,19.2,10.8,27.2,25.0,7.1,30.6,23.3,6.1,8.1,0.0,3.0,21.5,15.8,23.0,20.5,24.2,19.2,21.9,24.4,16.8,11.2,15.7,21.0,18.9,13.0,27.3,18.4,32.9,21.9,18.6,39.8,36.1,37.5,34.2,43.1,36.6,42.0,43.6,40.8,48.0,34.0,34.1,31.1,46.1,36.3,41.0,31.4,26.0,47.8,35.2,37.4,32.6,61.7,56.4,51.5,61.2,51.1,61.1,56.1,61.0,39.0,34.4,30.0,38.3,42.0,33.2,28.6,36.7,32.6,70.0,67.5,40.2,67.4,35.8,10.0,63.1,42.5,50.2,63.2,64.7,58.8,41.5,38.6,35.9,54.8,32.9,35.2,30.6,21.1,27.3,25.7,37.2,10.6,34.0,30.4,37.5,31.4,24.7,24.4,27.6
19.6,18.0,10.0,27.0,25.2,8.1,33.0,23.0,9.1,7.1,3.0,0.0,18.9,14.3,20.6,18.6,21.9,18.0,20.9,22.8,19.6,13.9,18.4,21.2,21.5,13.3,27.9,20.8,34.0,24.2,20.5,42.2,38.3,39.6,36.1,45.3,38.4,43.9,45.5,42.4,51.0,37.0,37.1,34.1,49.1,39.3,44.0,34.4,29.0,50.7,38.1,40.3,35.4,64.6,59.4,54.5,64.2,54.1,64.1,59.1,64.0,41.8,37.2,32.6,41.1,44.9,36.1,31.4,39.6,35.4,71.6,69.0,43.0,69.1,38.5,10.8,64.7,44.1,51.9,65.0,66.6,60.5,42.4,39.6,36.7,55.9,34.0,37.0,31.3,21.6,28.7,26.6,35.8,13.0,32.7,29.2,39.6,29.7,23.8,22.8,25.6
38.1,28.8,25.0,40.3,39.8,26.2,43.9,36.2,26.6,15.3,21.5,18.9,0.0,10.4,3.0,7.1,5.0,12.2,14.1,11.2,35.4,29.4,33.1,22.0,35.0,19.2,28.6,33.1,36.6,35.4,30.4,52.2,47.4,48.1,43.5,53.9,44.7,50.5,51.5,47.2,67.9,53.9,53.6,50.6,65.4,55.2,60.7,50.2,46.3,68.9,53.0,55.0,50.0,82.2,76.9,72.0,81.4,71.2,81.0,76.1,80.6,60.4,55.9,51.5,59.6,62.9,54.6,50.1,57.6,53.9,89.0,86.0,61.7,86.7,57.3,28.3,82.0,61.7,69.5,82.9,84.9,78.1,58.3,55.8,52.5,72.4,50.8,55.2,47.2,37.4,46.1,43.0,42.0,31.9,40.1,37.3,58.3,35.0,34.5,30.4,30.0
30.8,30.0,23.5,40.4,39.1,22.4,33.5,36.3,19.2,7.8,15.8,14.3,10.4,0.0,10.0,5.4,10.2,4.0,7.0,8.6,26.2,20.6,23.8,12.0,25.2,9.0,19.1,23.0,26.9,25.1,20.1,41.8,37.0,37.7,33.1,43.5,34.5,40.3,41.3,37.2,58.7,44.9,44.4,41.5,55.9,45.7,51.4,40.8,37.7,60.8,43.2,45.1,40.1,73.4,68.0,63.2,72.3,62.1,71.8,66.9,71.2,53.0,48.8,44.8,52.0,54.6,47.2,43.0,49.2,46.1,85.8,83.2,54.6,83.2,50.6,25.1,78.9,58.3,66.0,79.1,80.4,74.6,56.6,53.9,50.9,70.3,48.3,51.0,45.5,35.7,42.9,40.9,46.1,26.2,43.6,40.3,53.2,39.3,36.0,33.4,34.5
39.4,31.6,27.5,43.1,42.5,28.3,43.4,39.0,27.7,16.2,23.0,20.6,3.0,10.0,0.0,5.4,2.0,10.8,12.2,8.6,35.9,30.1,33.5,20.6,35.1,19.0,26.9,33.0,35.0,35.1,30.1,51.4,46.6,47.1,42.4,52.8,43.5,49.2,50.1,45.7,68.4,54.6,54.1,51.2,65.8,55.6,61.2,50.6,47.1,70.0,53.2,55.1,50.1,83.0,77.6,72.8,82.0,71.8,81.6,76.7,81.0,61.7,57.3,53.0,60.8,63.9,55.9,51.5,58.5,55.0,91.4,88.5,63.1,89.0,58.8,30.5,84.4,64.0,71.8,85.1,87.0,80.4,60.9,58.3,55.1,74.9,53.3,57.3,49.7,40.0,48.4,45.5,45.0,33.6,43.1,40.3,60.2,38.0,37.4,33.4,33.0
36.1,32.4,26.9,43.4,42.4,26.6,38.2,39.3,24.4,12.8,20.5,18.6,7.1,5.4,5.4,0.0,5.0,5.4,7.1,5.0,31.6,26.0,29.1,15.2,30.4,14.1,21.6,28.2,29.7,30.0,25.0,46.1,41.2,41.8,37.0,47.4,38.1,43.9,44.7,40.3,64.0,50.3,49.7,46.8,61.2,51.0,56.8,46.1,43.1,66.2,48.4,50.2,45.3,78.7,73.4,68.6,77.6,67.4,77.1,72.3,76.5,58.3,54.1,50.0,57.3,60.0,52.5,48.3,54.6,51.5,90.1,87.5,59.9,87.7,55.8,29.2,83.2,62.7,70.5,83.6,85.1,79.1,60.4,57.7,54.6,74.2,52.4,55.6,49.2,39.4,47.2,44.7,47.3,31.1,45.0,42.0,58.0,40.3,38.3,35.0,35.4
40.3,33.5,29.2,44.9,44.3,29.7,43.2,40.9,28.7,17.0,24.2,21.9,5.0,10.2,2.0,5.0,0.0,10.2,11.2,7.1,36.4,30.7,34.0,19.9,35.4,19.1,25.9,33.1,34.0,35.0,30.0,51.0,46.1,46.6,41.8,52.2,42.7,48.5,49.2,44.7,68.9,55.1,54.6,51.7,66.1,55.9,61.6,51.0,47.8,70.8,53.3,55.2,50.2,83.5,78.2,73.4,82.5,72.3,82.0,77.1,81.4,62.6,58.3,54.1,61.7,64.6,56.8,52.5,59.2,55.9,93.0,90.1,64.1,90.6,59.9,32.0,86.0,65.6,73.4,86.7,88.5,82.0,62.6,60.0,56.8,76.7,54.9,58.8,51.5,41.7,50.0,47.2,47.0,34.8,45.1,42.3,61.6,40.0,39.3,35.4,35.0
33.3,34.0,27.5,44.4,43.0,26.0,33.1,40.3,21.9,11.2,19.2,18.0,12.2,4.0,10.8,5.4,10.2,0.0,3.0,5.8,27.7,22.5,25.1,9.8,26.0,9.8,16.4,23.5,24.4,25.1,20.1,40.8,35.9,36.4,31.6,42.1,32.7,38.5,39.4,35.0,59.8,46.2,45.5,42.7,56.8,46.6,52.5,41.8,39.4,62.6,43.7,45.5,40.6,74.7,69.3,64.6,73.4,63.2,72.8,68.0,72.0,55.2,51.2,47.4,54.1,56.4,49.4,45.5,51.0,48.3,89.2,86.8,57.0,86.6,53.2,28.8,82.4,61.8,69.5,82.4,83.6,78.0,60.4,57.6,54.7,73.9,52.0,54.4,49.3,39.6,46.5,44.6,50.0,29.4,47.5,44.3,56.2,43.2,40.0,37.3,38.3
35.4,37.0,30.4,47.4,45.9,28.8,33.0,43.3,24.2,13.9,21.9,20.9,14.1,7.0,12.2,7.1,11.2,3.0,0.0,5.0,29.2,24.2,26.4,9.1,26.9,11.4,14.8,24.4,22.8,25.5,20.6,40.3,35.4,35.7,30.8,41.2,31.6,37.3,38.1,33.5,60.7,47.4,46.6,43.9,57.6,47.4,53.5,42.7,40.8,64.1,44.4,46.1,41.2,75.8,70.4,65.8,74.3,64.3,73.7,68.9,72.8,57.0,53.2,49.5,55.8,57.8,51.2,47.4,52.5,50.0,91.8,89.4,58.9,89.2,55.2,31.6,85.0,64.4,72.1,84.9,86.0,80.6,63.2,60.4,57.6,76.7,54.8,56.9,52.2,42.4,49.2,47.4,53.0,31.9,50.5,47.3,58.6,46.1,43.0,40.3,41.2
39.1,37.3,31.6,48.3,47.1,30.9,38.0,44.1,27.6,16.4,24.4,22.8,11.2,8.6,8.6,5.0,7.1,5.8,5.0,0.0,33.5,28.3,30.9,14.0,31.6,15.7,19.3,29.1,27.3,30.4,25.5,45.3,40.3,40.6,35.7,46.1,36.4,42.1,42.7,38.1,65.5,52.0,51.3,48.5,62.4,52.2,58.2,47.4,45.2,68.5,49.2,51.0,46.1,80.4,75.0,70.4,79.1,68.9,78.4,73.7,77.6,61.0,57.0,53.2,59.9,62.2,55.2,51.2,56.8,54.1,94.3,91.8,62.8,91.8,58.9,33.5,87.5,66.9,74.6,87.7,89.0,83.2,65.0,62.2,59.2,78.7,56.8,59.6,53.9,44.0,51.5,49.2,52.2,34.8,50.0,47.0,61.7,45.3,43.3,40.0,40.3
10.0,33.3,25.0,37.2,34.0,19.2,16.1,34.4,10.8,20.1,16.8,19.6,35.4,26.2,35.9,31.6,36.4,27.7,29.2,33.5,0.0,6.0,2.8,22.6,5.0,17.9,25.1,7.3,26.5,10.0,11.2,25.0,22.4,24.2,22.6,29.2,25.5,29.7,31.6,30.4,32.6,18.7,18.2,15.3,30.1,20.0,25.3,15.0,11.7,35.0,18.4,20.6,15.8,47.1,41.8,37.0,46.1,35.9,45.7,40.8,45.3,28.3,25.0,22.4,26.9,28.7,22.7,19.7,23.3,21.2,68.0,66.7,30.5,65.1,27.5,21.2,61.8,42.3,49.0,60.4,60.4,57.0,45.3,42.3,40.8,56.1,36.3,34.2,36.4,29.5,30.4,31.6,50.9,14.4,47.4,43.9,33.5,46.1,37.5,39.1,43.0
11.7,29.1,20.5,34.5,31.6,15.0,19.8,31.3,5.7,14.1,11.2,13.9,29.4,20.6,30.1,26.0,30.7,22.5,24.2,28.3,6.0,0.0,4.5,18.9,7.8,12.8,22.8,8.1,26.0,11.7,10.0,29.0,25.6,27.2,24.6,32.6,27.3,32.2,34.0,32.0,38.5,24.5,24.2,21.2,36.1,26.0,31.3,21.0,17.1,40.2,24.3,26.5,21.6,52.9,47.5,42.7,52.0,41.8,51.6,46.7,51.2,32.8,29.0,25.6,31.6,34.0,27.0,23.3,28.6,25.8,70.0,68.3,34.7,67.2,31.1,17.5,63.6,43.4,50.6,62.6,63.1,58.9,45.0,42.0,40.0,56.9,36.0,35.4,35.2,27.2,30.0,30.3,47.0,12.2,43.6,40.0,35.8,41.7,33.8,34.7,38.3
12.2,33.2,24.8,38.0,34.9,19.1,15.6,35.0,10.0,18.0,15.7,18.4,33.1,23.8,33.5,29.1,34.0,25.1,26.4,30.9,2.8,4.5,0.0,19.8,3.6,15.2,22.4,5.0,24.2,8.2,8.5,24.8,21.6,23.3,21.2,28.6,24.0,28.6,30.5,28.9,34.9,21.2,20.6,17.7,32.2,22.1,27.7,17.1,14.4,37.7,20.1,22.2,17.3,49.6,44.3,39.6,48.5,38.3,48.1,43.2,47.5,31.1,27.8,25.1,29.7,31.4,25.5,22.5,26.1,24.0,70.5,69.1,33.3,67.7,30.2,21.4,64.3,44.6,51.4,63.0,63.1,59.5,47.1,44.1,42.4,58.3,38.1,36.5,37.9,30.5,32.1,33.0,51.1,15.2,47.6,44.0,36.1,46.0,37.8,38.9,42.6
30.5,39.1,31.3,48.1,46.0,28.0,24.1,44.2,20.9,14.6,21.0,21.2,22.0,12.0,20.6,15.2,19.9,9.8,9.1,14.0,22.6,18.9,19.8,0.0,19.4,8.0,7.2,16.6,14.9,17.1,12.5,31.3,26.3,26.7,21.8,32.3,22.8,28.6,29.5,25.2,52.8,40.0,38.9,36.4,49.4,39.4,45.6,34.9,34.1,57.2,36.1,37.6,32.9,68.0,62.6,58.2,66.3,56.4,65.6,60.9,64.5,50.9,47.5,44.4,49.5,50.8,45.3,42.0,45.6,43.8,88.6,86.7,53.1,85.9,49.8,31.0,82.1,61.7,69.1,81.4,82.0,77.5,62.0,59.0,56.6,74.7,53.2,53.9,51.4,42.0,47.3,46.4,56.3,29.1,53.5,50.0,54.6,49.8,44.9,43.3,45.2
15.0,36.8,28.3,41.6,38.5,22.7,12.0,38.6,13.5,20.2,18.9,21.5,35.0,25.2,35.1,30.4,35.4,26.0,26.9,31.6,5.0,7.8,3.6,19.4,0.0,16.3,20.8,2.8,21.6,5.0,7.1,21.2,18.0,19.7,17.7,25.0,20.6,25.1,26.9,25.5,33.8,20.6,19.7,17.0,30.8,20.6,26.6,15.8,14.9,37.8,18.0,20.0,15.0,48.8,43.5,38.9,47.4,37.3,46.8,42.1,46.1,32.0,29.2,26.9,30.5,31.4,26.6,24.2,26.2,25.0,72.8,71.6,34.4,69.9,31.8,25.0,66.7,47.3,53.9,65.1,65.0,61.8,50.2,47.3,45.7,61.1,41.3,39.2,41.2,34.0,35.4,36.4,54.7,18.8,51.2,47.6,38.3,49.5,41.4,42.4,46.1
24.1,31.3,23.3,40.1,38.0,20.0,24.7,36.2,13.4,7.2,13.0,13.3,19.2,9.0,19.0,14.1,19.1,9.8,11.4,15.7,17.9,12.8,15.2,8.0,16.3,0.0,14.6,14.0,21.1,16.1,11.2,33.2,28.6,29.5,25.2,35.4,27.0,32.8,34.1,30.4,50.0,36.4,35.7,32.9,47.1,36.9,42.7,32.0,29.5,52.8,34.2,36.1,31.1,64.8,59.5,54.8,63.6,53.5,63.1,58.2,62.4,45.6,41.8,38.2,44.4,46.5,39.8,36.1,41.2,38.6,81.4,79.3,47.5,78.7,43.8,23.0,74.7,54.2,61.7,74.3,75.2,70.2,54.1,51.2,48.7,67.1,45.4,46.5,43.4,34.1,39.6,38.5,48.8,21.5,45.9,42.4,47.7,42.5,37.1,35.8,38.1
34.2,45.9,37.9,54.5,52.2,34.1,21.5,50.6,26.1,21.5,27.3,27.9,28.6,19.1,26.9,21.6,25.9,16.4,14.8,19.3,25.1,22.8,22.4,7.2,20.8,14.6,0.0,18.0,8.1,17.0,13.9,27.1,22.1,22.0,17.0,27.2,17.3,22.8,23.4,18.8,52.2,40.4,39.1,36.8,48.4,38.8,45.2,34.8,35.6,58.0,35.0,36.2,31.9,67.4,62.1,58.0,65.4,55.8,64.4,60.0,63.1,52.8,49.9,47.4,51.2,51.6,47.4,44.8,46.7,45.8,92.7,91.1,55.2,89.9,52.5,37.1,86.3,66.2,73.4,85.2,85.4,81.6,67.4,64.4,62.1,79.6,58.4,58.2,57.0,48.0,52.5,52.0,63.3,34.2,60.4,56.9,58.3,56.9,51.7,50.3,52.3
17.1,37.0,28.4,42.5,39.6,23.0,12.2,39.4,13.6,18.7,18.4,20.8,33.1,23.0,33.0,28.2,33.1,23.5,24.4,29.1,7.3,8.1,5.0,16.6,2.8,14.0,18.0,0.0,19.2,3.6,4.2,21.4,17.7,19.2,16.6,24.8,19.3,24.2,25.9,24.0,36.4,23.3,22.4,19.7,33.2,23.1,29.2,18.4,17.7,40.6,20.2,22.1,17.1,51.5,46.1,41.6,50.0,39.9,49.3,44.6,48.5,34.8,31.9,29.5,33.3,34.2,29.4,26.8,29.1,27.8,75.3,74.0,37.2,72.4,34.5,25.6,69.1,49.5,56.3,67.7,67.6,64.3,52.1,49.1,47.4,63.3,43.1,41.4,42.8,35.1,37.1,37.9,55.0,19.9,51.6,48.0,40.8,49.6,41.9,42.5,46.0
36.3,52.0,43.7,59.7,57.1,39.3,17.7,56.0,30.4,28.3,32.9,34.0,36.6,26.9,35.0,29.7,34.0,24.4,22.8,27.3,26.5,26.0,24.2,14.9,21.6,21.1,8.1,19.2,0.0,16.8,16.0,20.9,16.2,15.5,10.8,20.0,10.0,15.1,15.5,10.8,48.9,38.6,37.0,35.2,44.8,36.1,42.4,32.8,35.3,56.2,31.8,32.6,29.0,64.0,58.9,55.2,61.6,52.5,60.5,56.4,58.8,52.4,50.2,48.4,50.6,50.0,47.4,45.5,45.5,45.6,94.4,93.2,55.0,91.5,52.9,42.2,88.3,68.7,75.5,86.7,86.4,83.4,71.0,68.0,66.1,82.5,62.0,60.7,61.2,52.8,56.0,56.2,69.8,38.1,66.7,63.2,59.9,63.5,57.6,56.8,59.2
20.0,40.6,32.0,46.1,43.1,26.6,8.9,42.9,17.2,21.5,21.9,24.2,35.4,25.1,35.1,30.0,35.0,25.1,25.5,30.4,10.0,11.7,8.2,17.1,5.0,16.1,17.0,3.6,16.8,0.0,5.0,18.0,14.1,15.6,13.0,21.2,15.8,20.6,22.4,20.6,35.8,23.4,22.2,19.8,32.3,22.4,28.7,18.0,18.9,41.0,19.0,20.6,15.8,51.0,45.7,41.3,49.2,39.4,48.5,43.9,47.4,36.1,33.5,31.6,34.4,34.7,30.9,28.8,29.7,29.2,77.6,76.5,38.6,74.7,36.2,29.2,71.6,52.2,58.9,69.9,69.6,66.7,55.2,52.2,50.6,66.1,46.3,44.2,46.1,38.6,40.3,41.2,58.6,23.4,55.2,51.6,43.2,53.2,45.5,46.1,49.5
20.6,37.7,29.2,44.3,41.5,24.2,13.6,40.9,14.9,17.0,18.6,20.5,30.4,20.1,30.1,25.0,30.0,20.1,20.6,25.5,11.2,10.0,8.5,12.5,7.1,11.2,13.9,4.2,16.0,5.0,0.0,22.4,18.0,19.2,15.6,25.0,18.0,23.4,25.0,22.4,40.3,27.5,26.4,23.9,37.0,26.9,33.1,22.4,21.9,44.8,23.8,25.5,20.6,55.5,50.1,45.7,53.9,43.9,53.1,48.5,52.2,39.1,36.1,33.5,37.5,38.4,33.6,30.9,33.3,32.0,79.1,77.6,41.4,76.2,38.6,26.9,72.8,53.0,59.9,71.5,71.6,68.0,55.0,52.0,50.1,66.6,46.0,44.9,45.3,37.1,40.0,40.3,55.8,22.2,52.5,48.9,44.6,50.0,42.9,43.0,46.1
33.5,58.0,49.5,62.1,58.8,43.9,9.2,59.4,34.7,39.4,39.8,42.2,52.2,41.8,51.4,46.1,51.0,40.8,40.3,45.3,25.0,29.0,24.8,31.3,21.2,33.2,27.1,21.4,20.9,18.0,22.4,0.0,5.0,5.4,10.2,5.0,11.2,9.4,11.2,14.1,31.1,25.2,23.2,23.0,26.6,20.6,26.0,20.0,26.5,40.9,16.3,15.8,15.0,45.3,40.6,37.7,42.4,34.4,41.0,37.5,39.1,40.3,40.0,40.3,38.3,35.4,37.0,37.3,32.4,35.0,85.1,85.0,43.3,82.2,43.0,46.1,80.0,62.8,68.2,77.2,75.7,75.0,68.0,65.1,64.3,76.8,59.5,55.1,60.4,54.4,53.9,55.9,75.8,39.4,72.3,68.8,52.2,70.7,62.5,63.6,67.3
31.6,54.7,46.1,59.5,56.4,40.6,6.3,56.6,31.2,35.0,36.1,38.3,47.4,37.0,46.6,41.2,46.1,35.9,35.4,40.3,22.4,25.6,21.6,26.3,18.0,28.6,22.1,17.7,16.2,14.1,18.0,5.0,0.0,2.0,5.4,7.1,7.1,8.0,10.0,11.2,34.1,26.2,24.4,23.5,29.7,22.4,28.3,20.6,26.0,42.9,17.9,18.0,15.8,48.8,43.9,40.6,46.1,37.5,44.8,41.0,43.0,41.2,40.3,40.0,39.3,37.2,37.3,37.0,33.5,35.4,85.6,85.1,44.1,82.6,43.3,43.0,80.2,62.2,68.0,77.6,76.5,75.2,66.7,63.8,62.6,76.2,58.0,54.3,58.5,51.9,52.2,53.9,72.6,36.7,69.2,65.6,52.0,67.3,59.4,60.2,63.6
33.5,56.2,47.6,61.3,58.1,42.2,8.2,58.3,32.8,36.1,37.5,39.6,48.1,37.7,47.1,41.8,46.6,36.4,35.7,40.6,24.2,27.2,23.3,26.7,19.7,29.5,22.0,19.2,15.5,15.6,19.2,5.4,2.0,0.0,5.0,5.8,5.8,6.0,8.0,9.4,35.6,28.2,26.2,25.5,31.2,24.2,30.0,22.6,28.0,44.7,19.7,19.7,17.7,50.2,45.3,42.2,47.4,39.1,46.1,42.4,44.2,43.2,42.3,42.0,41.2,39.0,39.3,39.0,35.4,37.3,87.6,87.1,46.1,84.6,45.3,44.7,82.2,64.2,70.0,79.6,78.4,77.2,68.7,65.7,64.6,78.2,59.9,56.3,60.4,53.7,54.1,55.7,74.2,38.5,70.8,67.2,54.0,68.8,61.0,61.7,65.1
32.4,53.3,44.7,59.1,56.1,39.4,8.5,55.9,30.0,32.0,34.2,36.1,43.5,33.1,42.4,37.0,41.8,31.6,30.8,35.7,22.6,24.6,21.2,21.8,17.7,25.2,17.0,16.6,10.8,13.0,15.6,10.2,5.4,5.0,0.0,10.4,3.0,7.8,9.4,8.0,38.9,30.0,28.2,26.9,34.7,26.6,32.8,24.2,28.4,47.2,22.2,22.7,19.7,53.8,48.8,45.3,51.2,42.4,50.0,46.1,48.3,44.6,43.2,42.3,42.7,41.2,40.3,39.3,37.2,38.3,88.3,87.6,47.4,85.3,46.1,42.1,82.6,64.0,70.2,80.4,79.6,77.6,67.7,64.8,63.3,78.0,58.9,56.0,58.9,51.6,53.0,54.1,71.3,36.4,68.0,64.4,54.2,65.6,58.3,58.6,61.7
38.1,61.7,53.2,66.4,63.1,47.6,13.0,63.5,38.3,41.9,43.1,45.3,53.9,43.5,52.8,47.4,52.2,42.1,41.2,46.1,29.2,32.6,28.6,32.3,25.0,35.4,27.2,24.8,20.0,21.2,25.0,5.0,7.1,5.8,10.4,0.0,10.0,5.8,7.1,11.2,35.4,30.1,28.2,28.0,30.9,25.5,30.7,25.0,31.4,45.5,21.2,20.6,20.0,49.2,44.7,42.1,46.1,38.6,44.6,41.4,42.4,45.3,45.0,45.3,43.3,40.3,42.0,42.3,37.3,40.0,90.1,90.0,48.3,87.1,48.0,50.0,85.0,67.7,73.2,82.2,80.6,80.0,72.8,69.9,68.9,81.7,64.2,60.0,65.0,58.7,58.5,60.4,79.6,43.6,76.2,72.6,57.2,74.3,66.4,67.3,70.7
35.4,55.8,47.2,61.8,58.9,42.1,11.4,58.6,32.6,34.0,36.6,38.4,44.7,34.5,43.5,38.1,42.7,32.7,31.6,36.4,25.5,27.3,24.0,22.8,20.6,27.0,17.3,19.3,10.0,15.8,18.0,11.2,7.1,5.8,3.0,10.0,0.0,5.8,7.1,5.0,41.1,32.7,30.9,29.7,36.8,29.2,35.2,26.9,31.4,49.7,24.7,25.0,22.4,55.9,50.9,47.6,53.2,44.6,51.9,48.1,50.0,47.4,46.1,45.3,45.5,43.8,43.2,42.3,39.9,41.2,91.2,90.6,50.3,88.3,49.0,44.7,85.6,67.0,73.2,83.4,82.5,80.6,70.7,67.7,66.3,81.0,61.8,59.0,61.8,54.4,55.9,57.0,73.8,39.2,70.5,66.9,57.2,68.0,60.9,61.0,64.0
39.3,61.0,52.4,66.6,63.6,47.2,14.1,63.5,37.7,39.7,42.0,43.9,50.5,40.3,49.2,43.9,48.5,38.5,37.3,42.1,29.7,32.2,28.6,28.6,25.1,32.8,22.8,24.2,15.1,20.6,23.4,9.4,8.0,6.0,7.8,5.8,5.8,0.0,2.0,5.4,40.5,34.0,32.0,31.4,36.1,29.7,35.3,28.4,34.0,50.2,25.3,25.1,23.5,54.7,50.0,47.2,51.7,43.8,50.2,46.9,48.1,49.0,48.3,48.0,47.1,44.6,45.3,45.0,41.2,43.3,93.5,93.1,52.0,90.6,51.2,49.7,88.1,70.2,76.0,85.6,84.3,83.2,74.5,71.6,70.3,84.2,65.7,62.3,66.1,59.1,59.9,61.4,79.1,43.9,75.7,72.1,60.0,73.4,66.0,66.4,69.5
41.2,62.7,54.1,68.4,65.4,48.9,16.1,65.3,39.4,41.0,43.6,45.5,51.5,41.3,50.1,44.7,49.2,39.4,38.1,42.7,31.6,34.0,30.5,29.5,26.9,34.1,23.4,25.9,15.5,22.4,25.0,11.2,10.0,8.0,9.4,7.1,7.1,2.0,0.0,5.0,42.2,35.9,34.0,33.4,37.7,31.6,37.2,30.4,36.0,52.0,27.2,26.9,25.5,56.2,51.6,48.9,53.2,45.5,51.7,48.4,49.5,51.0,50.2,50.0,49.0,46.5,47.3,47.0,43.2,45.3,95.5,95.1,53.9,92.5,53.2,51.5,90.1,72.2,78.0,87.6,86.3,85.1,76.5,73.5,72.3,86.2,67.7,64.3,68.0,60.9,61.8,63.2,80.7,45.7,77.4,73.8,62.0,75.0,67.7,68.0,71.1
40.3,60.0,51.5,66.5,63.6,46.5,16.3,63.2,37.2,37.5,40.8,42.4,47.2,37.2,45.7,40.3,44.7,35.0,33.5,38.1,30.4,32.0,28.9,25.2,25.5,30.4,18.8,24.0,10.8,20.6,22.4,14.1,11.2,9.4,8.0,11.2,5.0,5.4,5.0,0.0,45.0,37.3,35.5,34.5,40.6,33.5,39.4,31.6,36.3,54.1,29.1,29.2,26.9,59.5,54.7,51.6,56.6,48.4,55.2,51.7,53.2,52.2,51.0,50.2,50.3,48.3,48.1,47.3,44.6,46.1,96.2,95.5,55.1,93.2,53.9,49.2,90.6,72.0,78.2,88.3,87.3,85.6,75.7,72.7,71.2,86.0,66.8,64.0,66.7,59.1,60.8,61.8,78.0,44.0,74.8,71.2,62.2,72.1,65.3,65.2,68.0
32.2,59.2,52.8,57.2,53.7,47.4,31.2,56.5,42.0,52.6,48.0,51.0,67.9,58.7,68.4,64.0,68.9,59.8,60.7,65.5,32.6,38.5,34.9,52.8,33.8,50.0,52.2,36.4,48.9,35.8,40.3,31.1,34.1,35.6,38.9,35.4,41.1,40.5,42.2,45.0,0.0,14.0,14.3,17.3,4.5,13.4,7.3,18.0,22.0,12.2,17.2,16.3,20.2,15.3,10.0,6.7,13.6,3.6,13.2,8.2,13.0,18.4,22.0,26.1,17.0,10.6,20.2,24.6,13.4,19.2,60.2,61.4,20.8,57.3,24.0,47.9,56.6,45.0,47.4,52.4,49.5,51.9,53.8,51.6,52.5,57.3,47.6,39.6,51.0,50.2,44.1,48.4,73.8,40.4,70.3,67.2,34.1,71.2,61.1,64.8,69.6
18.7,46.2,39.3,45.8,42.2,33.7,21.5,44.4,28.0,38.6,34.0,37.0,53.9,44.9,54.6,50.3,55.1,46.2,47.4,52.0,18.7,24.5,21.2,40.0,20.6,36.4,40.4,23.3,38.6,23.4,27.5,25.2,26.2,28.2,30.0,30.1,32.7,34.0,35.9,37.3,14.0,0.0,2.0,3.6,12.4,5.4,7.1,5.8,8.1,17.7,9.0,10.2,10.4,28.5,23.1,18.4,27.5,17.3,27.2,22.2,27.0,15.1,15.3,17.0,13.2,11.4,12.4,14.4,7.3,10.4,60.0,60.1,18.1,57.0,18.2,34.5,55.1,39.2,43.7,52.0,50.5,50.1,46.1,43.6,43.6,52.9,38.6,32.2,41.0,38.3,34.0,37.5,61.9,26.9,58.3,55.1,28.2,58.6,48.8,52.0,56.6
19.3,47.0,39.8,47.0,43.4,34.2,19.7,45.5,28.0,38.3,34.1,37.1,53.6,44.4,54.1,49.7,54.6,45.5,46.6,51.3,18.2,24.2,20.6,38.9,19.7,35.7,39.1,22.4,37.0,22.2,26.4,23.2,24.4,26.2,28.2,28.2,30.9,32.0,34.0,35.5,14.3,2.0,0.0,3.0,12.0,3.6,7.1,4.2,8.5,19.2,7.0,8.2,8.5,29.2,23.8,19.2,27.9,17.7,27.5,22.6,27.1,17.1,17.3,18.8,15.1,13.0,14.3,16.1,9.2,12.4,62.0,62.1,20.1,59.0,20.2,35.1,57.1,41.1,45.7,54.0,52.5,52.1,47.9,45.3,45.2,54.8,40.2,34.0,42.5,39.4,35.5,38.9,63.0,27.5,59.4,56.1,30.1,59.5,49.7,52.8,57.4
16.6,44.3,37.0,44.7,41.1,31.3,18.4,43.0,25.0,35.4,31.1,34.1,50.6,41.5,51.2,46.8,51.7,42.7,43.9,48.5,15.3,21.2,17.7,36.4,17.0,32.9,36.8,19.7,35.2,19.8,23.9,23.0,23.5,25.5,26.9,28.0,29.7,31.4,33.4,34.5,17.3,3.6,3.0,0.0,15.0,5.8,10.0,3.0,5.8,21.2,7.6,9.4,8.0,32.0,26.6,21.9,30.8,20.6,30.4,25.5,30.1,17.7,17.0,17.7,15.8,14.9,14.0,14.9,10.3,12.0,62.2,62.0,20.6,59.2,20.0,32.3,57.0,40.3,45.3,54.2,53.0,52.0,46.5,43.8,43.6,54.1,38.6,32.9,40.6,37.0,33.6,36.8,60.5,24.7,56.9,53.5,29.4,56.8,47.2,50.1,54.6
31.0,58.5,51.7,57.5,53.9,46.1,27.2,56.4,40.0,50.2,46.1,49.1,65.4,55.9,65.8,61.2,66.1,56.8,57.6,62.4,30.1,36.1,32.2,49.4,30.8,47.1,48.4,33.2,44.8,32.3,37.0,26.6,29.7,31.2,34.7,30.9,36.8,36.1,37.7,40.6,4.5,12.4,12.0,15.0,0.0,10.2,5.4,15.1,20.4,16.0,13.4,12.2,16.6,19.2,14.1,11.2,17.0,7.8,16.2,11.7,15.3,20.6,23.4,26.9,18.9,13.0,21.2,25.0,14.1,19.8,63.8,64.8,23.3,60.8,25.8,46.8,59.9,47.2,50.2,55.9,53.2,55.1,55.4,53.2,53.7,59.9,48.8,41.2,51.9,50.1,44.8,48.8,73.8,39.3,70.2,67.1,36.1,70.8,60.8,64.3,68.9
22.4,50.1,42.7,50.4,46.9,37.0,18.4,48.8,30.3,40.0,36.3,39.3,55.2,45.7,55.6,51.0,55.9,46.6,47.4,52.2,20.0,26.0,22.1,39.4,20.6,36.9,38.8,23.1,36.1,22.4,26.9,20.6,22.4,24.2,26.6,25.5,29.2,29.7,31.6,33.5,13.4,5.4,3.6,5.8,10.2,0.0,6.4,5.0,11.7,20.6,4.5,5.0,7.1,28.7,23.3,19.2,26.9,17.0,26.2,21.5,25.5,20.0,20.6,22.4,18.0,14.9,17.7,19.7,12.0,15.8,65.0,65.2,23.0,62.0,23.5,38.1,60.2,44.6,49.0,57.0,55.2,55.2,51.5,48.9,48.8,58.2,43.8,37.6,46.1,42.8,39.1,42.4,66.3,30.5,62.7,59.4,33.5,62.6,53.0,55.9,60.4
25.7,53.1,46.3,52.2,48.5,40.8,24.8,51.0,35.0,45.4,41.0,44.0,60.7,51.4,61.2,56.8,61.6,52.5,53.5,58.2,25.3,31.3,27.7,45.6,26.6,42.7,45.2,29.2,42.4,28.7,33.1,26.0,28.3,30.0,32.8,30.7,35.2,35.3,37.2,39.4,7.3,7.1,7.1,10.0,5.4,6.4,0.0,10.8,15.1,14.9,10.6,10.3,13.5,22.4,17.0,12.8,20.9,10.8,20.4,15.5,20.0,16.8,18.9,21.9,14.9,10.0,16.4,19.8,9.4,14.9,61.2,61.8,19.6,58.2,21.5,41.5,56.9,42.9,46.5,53.2,51.0,52.0,50.8,48.4,48.8,56.1,43.9,36.6,46.8,44.8,39.7,43.6,68.5,34.0,64.9,61.7,31.8,65.4,55.5,58.9,63.6
18.0,45.7,38.1,46.7,43.1,32.3,15.7,44.8,25.3,35.1,31.4,34.4,50.2,40.8,50.6,46.1,51.0,41.8,42.7,47.4,15.0,21.0,17.1,34.9,15.8,32.0,34.8,18.4,32.8,18.0,22.4,20.0,20.6,22.6,24.2,25.0,26.9,28.4,30.4,31.6,18.0,5.8,4.2,3.0,15.1,5.0,10.8,0.0,7.8,23.4,5.0,7.1,5.0,33.1,27.7,23.3,31.6,21.5,31.0,26.2,30.4,20.6,20.0,20.6,18.7,17.2,17.0,17.7,13.0,15.0,65.2,65.0,23.5,62.2,23.0,33.5,60.0,43.2,48.3,57.2,55.9,55.0,49.2,46.5,46.1,57.1,41.2,35.7,43.0,38.9,36.1,39.1,62.2,25.9,58.6,55.2,32.4,58.3,48.8,51.5,55.9
10.8,38.5,31.3,38.9,35.4,25.7,20.1,37.2,20.1,31.0,26.0,29.0,46.3,37.7,47.1,43.1,47.8,39.4,40.8,45.2,11.7,17.1,14.4,34.1,14.9,29.5,35.6,17.7,35.3,18.9,21.9,26.5,26.0,28.0,28.4,31.4,31.4,34.0,36.0,36.3,22.0,8.1,8.5,5.8,20.4,11.7,15.1,7.8,0.0,23.3,12.8,14.9,12.1,35.9,30.6,25.7,35.2,25.1,35.1,30.1,35.0,17.2,14.9,14.0,15.6,17.0,12.1,11.0,11.7,10.3,59.8,59.2,19.7,56.9,17.7,26.6,54.2,36.3,42.0,52.0,51.2,49.3,41.8,39.0,38.5,50.4,33.5,28.6,35.2,31.2,28.3,31.2,54.6,19.0,51.0,47.7,26.0,51.0,41.3,44.3,48.8
31.0,55.1,50.1,51.0,47.5,45.4,38.8,51.0,42.4,53.9,47.8,50.7,68.9,60.8,70.0,66.2,70.8,62.6,64.1,68.5,35.0,40.2,37.7,57.2,37.8,52.8,58.0,40.6,56.2,41.0,44.8,40.9,42.9,44.7,47.2,45.5,49.7,50.2,52.0,54.1,12.2,17.7,19.2,21.2,16.0,20.6,14.9,23.4,23.3,0.0,25.1,25.1,27.5,15.5,11.7,7.8,17.0,11.2,18.0,14.1,19.8,10.2,15.1,20.1,10.0,6.4,15.0,20.0,11.7,15.3,48.1,49.3,11.2,45.1,15.8,45.1,44.6,34.7,36.1,40.3,37.3,39.9,44.2,42.4,43.9,46.0,39.4,30.5,43.5,44.7,37.0,41.8,67.7,38.5,64.3,61.6,24.4,66.1,55.9,60.4,65.4
22.8,50.2,42.5,51.6,48.1,36.7,14.1,49.7,29.1,38.1,35.2,38.1,53.0,43.2,53.2,48.4,53.3,43.7,44.4,49.2,18.4,24.3,20.1,36.1,18.0,34.2,35.0,20.2,31.8,19.0,23.8,16.3,17.9,19.7,22.2,21.2,24.7,25.3,27.2,29.1,17.2,9.0,7.0,7.6,13.4,4.5,10.6,5.0,12.8,25.1,0.0,2.2,3.2,32.4,27.2,23.3,30.4,20.8,29.5,25.1,28.5,24.1,24.2,25.3,22.1,19.3,21.2,22.5,16.1,19.2,69.0,69.1,27.1,66.0,27.2,38.1,64.1,47.8,52.6,61.0,59.4,59.1,54.1,51.4,51.1,61.6,46.1,40.5,48.0,43.9,41.0,44.0,67.0,30.5,63.4,60.0,36.9,63.0,53.6,56.1,60.4
25.0,52.5,44.7,53.8,50.2,38.9,15.0,51.9,31.3,40.1,37.4,40.3,55.0,45.1,55.1,50.2,55.2,45.5,46.1,51.0,20.6,26.5,22.2,37.6,20.0,36.1,36.2,22.1,32.6,20.6,25.5,15.8,18.0,19.7,22.7,20.6,25.0,25.1,26.9,29.2,16.3,10.2,8.2,9.4,12.2,5.0,10.3,7.1,14.9,25.1,2.2,0.0,5.0,31.4,26.2,22.7,29.2,19.8,28.2,23.9,26.9,25.0,25.5,26.9,23.0,19.6,22.6,24.2,17.0,20.6,70.0,70.2,28.0,67.0,28.4,40.3,65.2,49.3,53.9,62.0,60.2,60.2,55.9,53.2,53.0,63.1,48.0,42.2,50.0,46.0,43.0,46.1,69.2,32.8,65.6,62.2,38.3,65.2,55.8,58.3,62.6
21.2,48.3,40.3,50.2,46.8,34.5,11.4,48.1,26.6,35.1,32.6,35.4,50.0,40.1,50.1,45.3,50.2,40.6,41.2,46.1,15.8,21.6,17.3,32.9,15.0,31.1,31.9,17.1,29.0,15.8,20.6,15.0,15.8,17.7,19.7,20.0,22.4,23.5,25.5,26.9,20.2,10.4,8.5,8.0,16.6,7.1,13.5,5.0,12.1,27.5,3.2,5.0,0.0,35.5,30.2,26.2,33.5,23.9,32.7,28.2,31.6,25.5,25.0,25.5,23.5,21.5,22.0,22.6,17.7,20.0,70.2,70.0,28.4,67.2,28.0,36.1,65.0,48.1,53.2,62.2,60.8,60.0,53.9,51.1,50.5,62.0,45.6,40.5,47.2,42.4,40.3,43.0,65.3,28.6,61.7,58.3,37.3,61.0,51.9,54.1,58.3
45.2,70.5,65.0,66.5,63.1,60.0,46.4,66.5,55.9,66.9,61.7,64.6,82.2,73.4,83.0,78.7,83.5,74.7,75.8,80.4,47.1,52.9,49.6,68.0,48.8,64.8,67.4,51.5,64.0,51.0,55.5,45.3,48.8,50.2,53.8,49.2,55.9,54.7,56.2,59.5,15.3,28.5,29.2,32.0,19.2,28.7,22.4,33.1,35.9,15.5,32.4,31.4,35.5,0.0,5.4,10.2,4.0,11.7,6.0,7.8,9.0,25.7,30.6,35.5,25.3,20.0,30.1,35.1,25.1,30.0,56.8,59.2,26.6,54.1,31.3,60.0,54.9,48.8,48.8,49.7,45.6,50.8,58.8,57.3,59.0,58.7,54.6,45.6,58.9,60.2,52.5,57.3,83.2,53.0,79.8,77.1,39.4,81.6,71.4,75.8,80.8
40.0,65.8,60.1,62.3,58.8,55.0,41.2,62.1,50.6,61.6,56.4,59.4,76.9,68.0,77.6,73.4,78.2,69.3,70.4,75.0,41.8,47.5,44.3,62.6,43.5,59.5,62.1,46.1,58.9,45.7,50.1,40.6,43.9,45.3,48.8,44.7,50.9,50.0,51.6,54.7,10.0,23.1,23.8,26.6,14.1,23.3,17.0,27.7,30.6,11.7,27.2,26.2,30.2,5.4,0.0,5.0,5.4,6.4,6.4,4.0,8.6,21.5,26.2,31.0,20.9,15.1,25.5,30.4,20.0,25.2,56.6,58.6,22.8,53.9,27.3,55.1,54.1,46.1,46.9,49.2,45.5,49.7,55.8,54.1,55.6,56.9,51.0,42.2,55.0,55.8,48.5,53.1,79.1,48.0,75.6,72.8,36.1,77.1,66.9,71.2,76.1
35.1,60.8,55.1,57.6,54.1,50.0,37.5,57.3,45.7,56.8,51.5,54.5,72.0,63.2,72.8,68.6,73.4,64.6,65.8,70.4,37.0,42.7,39.6,58.2,38.9,54.8,58.0,41.6,55.2,41.3,45.7,37.7,40.6,42.2,45.3,42.1,47.6,47.2,48.9,51.6,6.7,18.4,19.2,21.9,11.2,19.2,12.8,23.3,25.7,7.8,23.3,22.7,26.2,10.2,5.0,0.0,10.2,4.0,10.8,6.4,12.2,17.0,21.5,26.2,16.2,10.2,20.6,25.5,15.0,20.2,55.1,56.6,18.6,52.2,22.8,50.1,52.0,42.4,43.8,47.4,44.1,47.4,51.9,50.0,51.3,53.8,46.6,38.0,50.5,51.0,43.9,48.5,74.3,43.0,70.8,68.0,32.0,72.3,62.1,66.3,71.2
45.0,71.0,65.2,67.7,64.2,60.0,44.1,67.4,55.3,66.1,61.2,64.2,81.4,72.3,82.0,77.6,82.5,73.4,74.3,79.1,46.1,52.0,48.5,66.3,47.4,63.6,65.4,50.0,61.6,49.2,53.9,42.4,46.1,47.4,51.2,46.1,53.2,51.7,53.2,56.6,13.6,27.5,27.9,30.8,17.0,26.9,20.9,31.6,35.2,17.0,30.4,29.2,33.5,4.0,5.4,10.2,0.0,10.2,2.0,5.4,5.0,26.9,31.6,36.4,26.2,20.4,30.8,35.7,25.1,30.4,60.4,62.6,28.2,57.7,32.7,60.2,58.3,51.2,51.7,53.2,49.2,54.1,61.0,59.4,60.9,61.6,56.4,47.5,60.4,61.1,53.9,58.5,84.4,53.0,81.0,78.2,41.3,82.5,72.3,76.5,81.4
35.1,61.6,55.4,59.1,55.5,50.2,34.8,58.5,45.2,55.9,51.1,54.1,71.2,62.1,71.8,67.4,72.3,63.2,64.3,68.9,35.9,41.8,38.3,56.4,37.3,53.5,55.8,39.9,52.5,39.4,43.9,34.4,37.5,39.1,42.4,38.6,44.6,43.8,45.5,48.4,3.6,17.3,17.7,20.6,7.8,17.0,10.8,21.5,25.1,11.2,20.8,19.8,23.9,11.7,6.4,4.0,10.2,0.0,10.0,5.0,10.4,19.2,23.3,27.7,18.0,11.7,21.9,26.6,15.5,21.2,58.9,60.4,21.2,56.0,25.0,50.5,55.7,45.3,47.2,51.2,48.1,51.1,54.5,52.5,53.6,57.1,48.8,40.5,52.5,52.2,45.7,50.1,75.8,43.2,72.2,69.3,34.7,73.4,63.2,67.2,72.0
45.0,71.4,65.4,68.4,64.8,60.1,43.0,68.0,55.1,65.8,61.1,64.1,81.0,71.8,81.6,77.1,82.0,72.8,73.7,78.4,45.7,51.6,48.1,65.6,46.8,63.1,64.4,49.3,60.5,48.5,53.1,41.0,44.8,46.1,50.0,44.6,51.9,50.2,51.7,55.2,13.2,27.2,27.5,30.4,16.2,26.2,20.4,31.0,35.1,18.0,29.5,28.2,32.7,6.0,6.4,10.8,2.0,10.0,0.0,5.0,3.0,27.7,32.3,37.0,26.9,20.9,31.3,36.1,25.3,30.8,62.2,64.4,29.2,59.5,33.5,60.4,60.0,52.5,53.2,55.0,51.1,55.8,62.2,60.5,61.9,63.1,57.3,48.5,61.3,61.7,54.6,59.2,85.1,53.2,81.6,78.7,42.4,83.0,72.8,76.9,81.8
40.0,66.5,60.4,63.7,60.2,55.1,38.8,63.2,50.2,60.8,56.1,59.1,76.1,66.9,76.7,72.3,77.1,68.0,68.9,73.7,40.8,46.7,43.2,60.9,42.1,58.2,60.0,44.6,56.4,43.9,48.5,37.5,41.0,42.4,46.1,41.4,48.1,46.9,48.4,51.7,8.2,22.2,22.6,25.5,11.7,21.5,15.5,26.2,30.1,14.1,25.1,23.9,28.2,7.8,4.0,6.4,5.4,5.0,5.0,0.0,5.8,23.3,27.7,32.3,22.4,16.2,26.6,31.3,20.4,26.0,60.4,62.2,25.0,57.6,29.2,55.4,57.7,48.8,50.0,52.9,49.3,53.2,58.3,56.4,57.7,60.0,53.0,44.4,56.8,56.9,50.1,54.6,80.4,48.2,76.9,74.0,38.4,78.2,68.0,72.0,76.9
45.3,72.0,65.8,69.5,65.9,60.4,41.6,68.9,55.0,65.4,61.0,64.0,80.6,71.2,81.0,76.5,81.4,72.0,72.8,77.6,45.3,51.2,47.5,64.5,46.1,62.4,63.1,48.5,58.8,47.4,52.2,39.1,43.0,44.2,48.3,42.4,50.0,48.1,49.5,53.2,13.0,27.0,27.1,30.1,15.3,25.5,20.0,30.4,35.0,19.8,28.5,26.9,31.6,9.0,8.6,12.2,5.0,10.4,3.0,5.8,0.0,29.2,33.5,38.1,28.2,21.9,32.3,37.0,26.0,31.6,65.0,67.1,30.8,62.2,35.0,60.8,62.6,54.5,55.4,57.7,53.9,58.3,64.0,62.2,63.5,65.4,58.8,50.2,62.6,62.6,55.9,60.4,86.2,53.5,82.6,79.7,44.2,83.8,73.7,77.6,82.5
22.4,45.0,40.3,40.8,37.4,35.9,36.1,40.8,34.0,45.7,39.0,41.8,60.4,53.0,61.7,58.3,62.6,55.2,57.0,61.0,28.3,32.8,31.1,50.9,32.0,45.6,52.8,34.8,52.4,36.1,39.1,40.3,41.2,43.2,44.6,45.3,47.4,49.0,51.0,52.2,18.4,15.1,17.1,17.7,20.6,20.0,16.8,20.6,17.2,10.2,24.1,25.0,25.5,25.7,21.5,17.0,26.9,19.2,27.7,23.3,29.2,0.0,5.0,10.0,2.0,7.8,5.8,10.4,8.0,7.1,45.0,45.3,3.0,42.0,5.8,35.4,40.3,26.6,29.7,37.0,35.4,35.4,35.4,33.3,34.4,39.4,29.7,21.3,33.5,34.5,26.9,31.6,57.6,29.1,54.1,51.4,15.6,55.9,45.7,50.2,55.2
18.0,40.0,35.4,36.1,32.6,31.0,34.7,35.9,29.7,41.3,34.4,37.2,55.9,48.8,57.3,54.1,58.3,51.2,53.2,57.0,25.0,29.0,27.8,47.5,29.2,41.8,49.9,31.9,50.2,33.5,36.1,40.0,40.3,42.3,43.2,45.0,46.1,48.3,50.2,51.0,22.0,15.3,17.3,17.0,23.4,20.6,18.9,20.0,14.9,15.1,24.2,25.5,25.0,30.6,26.2,21.5,31.6,23.3,32.3,27.7,33.5,5.0,0.0,5.0,5.4,11.7,3.0,5.8,9.4,5.0,45.3,45.0,5.8,42.3,3.0,30.4,40.0,24.2,28.4,37.3,36.4,35.0,32.0,29.7,30.5,37.6,25.6,17.8,29.2,29.6,22.4,26.9,52.8,24.4,49.3,46.6,13.0,51.0,40.8,45.3,50.2
14.1,35.1,30.4,31.4,27.9,26.2,34.1,31.0,25.6,37.2,30.0,32.6,51.5,44.8,53.0,50.0,54.1,47.4,49.5,53.2,22.4,25.6,25.1,44.4,26.9,38.2,47.4,29.5,48.4,31.6,33.5,40.3,40.0,42.0,42.3,45.3,45.3,48.0,50.0,50.2,26.1,17.0,18.8,17.7,26.9,22.4,21.9,20.6,14.0,20.1,25.3,26.9,25.5,35.5,31.0,26.2,36.4,27.7,37.0,32.3,38.1,10.0,5.0,0.0,10.2,16.2,5.8,3.0,12.8,7.1,46.1,45.3,10.4,43.2,5.8,25.5,40.3,22.6,28.0,38.3,38.1,35.4,29.2,26.6,26.9,36.5,21.9,15.2,25.0,24.7,18.0,22.4,48.1,19.7,44.6,41.8,12.0,46.1,35.9,40.3,45.3
21.5,45.2,40.1,41.4,37.9,35.5,34.2,41.2,33.1,44.7,38.3,41.1,59.6,52.0,60.8,57.3,61.7,54.1,55.8,59.9,26.9,31.6,29.7,49.5,30.5,44.4,51.2,33.3,50.6,34.4,37.5,38.3,39.3,41.2,42.7,43.3,45.5,47.1,49.0,50.3,17.0,13.2,15.1,15.8,18.9,18.0,14.9,18.7,15.6,10.0,22.1,23.0,23.5,25.3,20.9,16.2,26.2,18.0,26.9,22.4,28.2,2.0,5.4,10.2,0.0,6.4,5.1,10.0,6.0,5.8,47.0,47.3,5.0,44.0,7.1,35.1,42.3,28.3,31.6,39.0,37.3,37.3,36.8,34.7,35.6,41.2,30.8,22.6,34.5,34.9,27.7,32.3,58.2,28.6,54.7,51.9,17.2,56.3,46.1,50.5,55.4
25.3,50.6,45.0,47.5,44.0,40.0,32.8,47.1,36.4,47.8,42.0,44.9,62.9,54.6,63.9,60.0,64.6,56.4,57.8,62.2,28.7,34.0,31.4,50.8,31.4,46.5,51.6,34.2,50.0,34.7,38.4,35.4,37.2,39.0,41.2,40.3,43.8,44.6,46.5,48.3,10.6,11.4,13.0,14.9,13.0,14.9,10.0,17.2,17.0,6.4,19.3,19.6,21.5,20.0,15.1,10.2,20.4,11.7,20.9,16.2,21.9,7.8,11.7,16.2,6.4,0.0,10.4,15.3,5.4,10.0,51.2,52.0,10.3,48.3,13.5,40.0,47.1,34.4,37.2,43.3,41.0,42.2,43.1,41.0,42.0,47.0,37.2,29.0,40.8,40.8,34.0,38.5,64.3,33.1,60.7,57.9,23.4,62.1,51.9,56.1,61.0
16.6,40.3,35.1,37.2,33.6,30.4,31.8,36.7,28.2,39.8,33.2,36.1,54.6,47.2,55.9,52.5,56.8,49.4,51.2,55.2,22.7,27.0,25.5,45.3,26.6,39.8,47.4,29.4,47.4,30.9,33.6,37.0,37.3,39.3,40.3,42.0,43.2,45.3,47.3,48.1,20.2,12.4,14.3,14.0,21.2,17.7,16.4,17.0,12.1,15.0,21.2,22.6,22.0,30.1,25.5,20.6,30.8,21.9,31.3,26.6,32.3,5.8,3.0,5.8,5.1,10.4,0.0,5.0,7.1,2.0,48.3,48.0,7.8,45.3,6.0,30.1,43.0,26.9,31.4,40.3,39.3,38.0,34.4,32.0,32.5,40.5,27.6,20.2,30.8,30.4,23.9,28.2,53.9,23.5,50.3,47.4,15.8,51.7,41.5,45.7,50.6
12.2,35.4,30.1,32.6,29.1,25.5,31.1,32.0,23.9,35.5,28.6,31.4,50.1,43.0,51.5,48.3,52.5,45.5,47.4,51.2,19.7,23.3,22.5,42.0,24.2,36.1,44.8,26.8,45.5,28.8,30.9,37.3,37.0,39.0,39.3,42.3,42.3,45.0,47.0,47.3,24.6,14.4,16.1,14.9,25.0,19.7,19.8,17.7,11.0,20.0,22.5,24.2,22.6,35.1,30.4,25.5,35.7,26.6,36.1,31.3,37.0,10.4,5.8,3.0,10.0,15.3,5.0,0.0,11.2,5.4,49.0,48.3,11.7,46.1,7.8,25.1,43.3,25.5,31.0,41.2,40.9,38.3,31.8,29.2,29.2,39.5,24.2,18.0,26.9,25.6,19.8,23.9,49.2,18.7,45.7,42.7,15.0,46.8,36.7,40.8,45.7
20.1,46.1,40.1,43.8,40.2,35.0,28.6,43.1,31.0,42.4,36.7,39.6,57.6,49.2,58.5,54.6,59.2,51.0,52.5,56.8,23.3,28.6,26.1,45.6,26.2,41.2,46.7,29.1,45.5,29.7,33.3,32.4,33.5,35.4,37.2,37.3,39.9,41.2,43.2,44.6,13.4,7.3,9.2,10.3,14.1,12.0,9.4,13.0,11.7,11.7,16.1,17.0,17.7,25.1,20.0,15.0,25.1,15.5,25.3,20.4,26.0,8.0,9.4,12.8,6.0,5.4,7.1,11.2,0.0,5.8,53.0,53.2,11.0,50.0,12.1,35.1,48.3,33.5,37.4,45.0,43.3,43.3,41.4,39.1,39.6,46.8,34.7,27.2,37.8,36.8,30.8,35.0,60.4,28.0,56.9,53.9,22.4,57.9,47.8,51.7,56.5
15.8,40.6,35.0,38.0,34.4,30.1,29.8,37.3,27.3,38.9,32.6,35.4,53.9,46.1,55.0,51.5,55.9,48.3,50.0,54.1,21.2,25.8,24.0,43.8,25.0,38.6,45.8,27.8,45.6,29.2,32.0,35.0,35.4,37.3,38.3,40.0,41.2,43.3,45.3,46.1,19.2,10.4,12.4,12.0,19.8,15.8,14.9,15.0,10.3,15.3,19.2,20.6,20.0,30.0,25.2,20.2,30.4,21.2,30.8,26.0,31.6,7.1,5.0,7.1,5.8,10.0,2.0,5.4,5.8,0.0,50.2,50.0,9.4,47.3,8.0,30.0,45.0,28.8,33.4,42.3,41.2,40.0,36.1,33.6,34.0,42.4,29.0,22.0,32.0,31.0,25.0,29.2,54.6,23.2,51.1,48.1,17.7,52.2,42.1,46.1,51.0
58.5,62.2,64.0,51.1,50.2,63.5,79.9,54.5,68.0,78.0,70.0,71.6,89.0,85.8,91.4,90.1,93.0,89.2,91.8,94.3,68.0,70.0,70.5,88.6,72.8,81.4,92.7,75.3,94.4,77.6,79.1,85.1,85.6,87.6,88.3,90.1,91.2,93.5,95.5,96.2,60.2,60.0,62.0,62.2,63.8,65.0,61.2,65.2,59.8,48.1,69.0,70.0,70.2,56.8,56.6,55.1,60.4,58.9,62.2,60.4,65.0,45.0,45.3,46.1,47.0,51.2,48.3,49.0,53.0,50.2,0.0,5.0,42.0,3.0,42.3,61.0,7.1,27.5,19.7,8.0,11.2,11.2,32.0,34.0,37.5,18.4,38.3,34.9,42.4,51.7,43.0,46.1,61.7,59.9,60.0,59.9,34.5,65.2,58.3,64.0,68.0
57.0,58.7,61.0,47.4,46.8,60.9,79.3,50.9,65.9,75.6,67.5,69.0,86.0,83.2,88.5,87.5,90.1,86.8,89.4,91.8,66.7,68.3,69.1,86.7,71.6,79.3,91.1,74.0,93.2,76.5,77.6,85.0,85.1,87.1,87.6,90.0,90.6,93.1,95.1,95.5,61.4,60.1,62.1,62.0,64.8,65.2,61.8,65.0,59.2,49.3,69.1,70.2,70.0,59.2,58.6,56.6,62.6,60.4,64.4,62.2,67.1,45.3,45.0,45.3,47.3,52.0,48.0,48.3,53.2,50.0,5.0,0.0,42.3,5.8,42.0,58.3,5.0,25.1,17.7,9.4,14.1,10.0,28.3,30.5,34.0,14.2,35.2,32.9,39.1,48.6,40.3,43.0,57.3,57.8,55.8,55.8,33.4,61.0,54.5,60.2,64.0
23.9,45.0,40.8,40.0,36.7,36.7,38.9,40.3,35.5,47.2,40.2,43.0,61.7,54.6,63.1,59.9,64.1,57.0,58.9,62.8,30.5,34.7,33.3,53.1,34.4,47.5,55.2,37.2,55.0,38.6,41.4,43.3,44.1,46.1,47.4,48.3,50.3,52.0,53.9,55.1,20.8,18.1,20.1,20.6,23.3,23.0,19.6,23.5,19.7,11.2,27.1,28.0,28.4,26.6,22.8,18.6,28.2,21.2,29.2,25.0,30.8,3.0,5.8,10.4,5.0,10.3,7.8,11.7,11.0,9.4,42.0,42.3,0.0,39.0,5.0,35.9,37.3,24.2,26.9,34.0,32.4,32.4,33.3,31.4,32.8,36.7,28.2,19.4,32.3,34.1,26.0,30.8,56.8,30.1,53.4,50.8,13.5,55.4,45.3,50.0,55.0
55.7,60.2,61.7,49.2,48.2,61.0,76.9,52.5,65.3,75.5,67.4,69.1,86.7,83.2,89.0,87.7,90.6,86.6,89.2,91.8,65.1,67.2,67.7,85.9,69.9,78.7,89.9,72.4,91.5,74.7,76.2,82.2,82.6,84.6,85.3,87.1,88.3,90.6,92.5,93.2,57.3,57.0,59.0,59.2,60.8,62.0,58.2,62.2,56.9,45.1,66.0,67.0,67.2,54.1,53.9,52.2,57.7,56.0,59.5,57.6,62.2,42.0,42.3,43.2,44.0,48.3,45.3,46.1,50.0,47.3,3.0,5.8,39.0,0.0,39.3,58.6,5.4,25.0,17.2,5.0,8.6,8.6,30.2,32.0,35.6,17.1,36.1,32.2,40.4,49.5,40.6,43.9,60.4,57.3,58.6,58.3,31.6,63.6,56.4,62.2,66.3
19.8,40.0,35.9,35.2,31.8,32.0,37.7,35.4,31.4,43.0,35.8,38.5,57.3,50.6,58.8,55.8,59.9,53.2,55.2,58.9,27.5,31.1,30.2,49.8,31.8,43.8,52.5,34.5,52.9,36.2,38.6,43.0,43.3,45.3,46.1,48.0,49.0,51.2,53.2,53.9,24.0,18.2,20.2,20.0,25.8,23.5,21.5,23.0,17.7,15.8,27.2,28.4,28.0,31.3,27.3,22.8,32.7,25.0,33.5,29.2,35.0,5.8,3.0,5.8,7.1,13.5,6.0,7.8,12.1,8.0,42.3,42.0,5.0,39.3,0.0,31.0,37.0,21.5,25.5,34.4,33.5,32.0,29.7,27.6,28.6,34.8,23.9,15.6,27.7,29.2,21.2,26.0,51.9,25.5,48.5,45.9,10.3,50.5,40.3,45.0,50.0
15.8,12.2,5.0,17.5,15.0,3.0,37.0,13.9,12.1,17.7,10.0,10.8,28.3,25.1,30.5,29.2,32.0,28.8,31.6,33.5,21.2,17.5,21.4,31.0,25.0,23.0,37.1,25.6,42.2,29.2,26.9,46.1,43.0,44.7,42.1,50.0,44.7,49.7,51.5,49.2,47.9,34.5,35.1,32.3,46.8,38.1,41.5,33.5,26.6,45.1,38.1,40.3,36.1,60.0,55.1,50.1,60.2,50.5,60.4,55.4,60.8,35.4,30.4,25.5,35.1,40.0,30.1,25.1,35.1,30.0,61.0,58.3,35.9,58.6,31.0,0.0,54.1,33.6,41.4,54.7,56.6,50.0,31.6,28.8,26.0,45.2,23.3,26.9,20.6,11.0,18.0,15.8,29.7,7.6,26.2,22.7,30.2,25.0,16.4,18.0,22.4
52.2,55.2,57.0,44.0,43.1,56.6,74.3,47.4,61.3,71.2,63.1,64.7,82.0,78.9,84.4,83.2,86.0,82.4,85.0,87.5,61.8,63.6,64.3,82.1,66.7,74.7,86.3,69.1,88.3,71.6,72.8,80.0,80.2,82.2,82.6,85.0,85.6,88.1,90.1,90.6,56.6,55.1,57.1,57.0,59.9,60.2,56.9,60.0,54.2,44.6,64.1,65.2,65.0,54.9,54.1,52.0,58.3,55.7,60.0,57.7,62.6,40.3,40.0,40.3,42.3,47.1,43.0,43.3,48.3,45.0,7.1,5.0,37.3,5.4,37.0,54.1,0.0,20.6,13.0,5.8,11.2,5.0,25.0,26.9,30.5,11.7,31.2,28.2,35.4,44.7,36.1,39.1,55.0,53.2,53.2,53.0,28.4,58.3,51.2,57.0,61.0
32.4,36.1,36.8,26.0,24.2,36.1,56.1,28.7,40.9,50.6,42.5,44.1,61.7,58.3,64.0,62.7,65.6,61.8,64.4,66.9,42.3,43.4,44.6,61.7,47.3,54.2,66.2,49.5,68.7,52.2,53.0,62.8,62.2,64.2,64.0,67.7,67.0,70.2,72.2,72.0,45.0,39.2,41.1,40.3,47.2,44.6,42.9,43.2,36.3,34.7,47.8,49.3,48.1,48.8,46.1,42.4,51.2,45.3,52.5,48.8,54.5,26.6,24.2,22.6,28.3,34.4,26.9,25.5,33.5,28.8,27.5,25.1,24.2,25.0,21.5,33.6,20.6,0.0,7.8,21.2,23.9,16.4,10.4,10.0,13.2,14.0,11.7,8.1,16.6,24.8,15.6,19.2,40.3,32.7,37.7,36.4,11.2,41.8,33.1,38.9,43.5
39.3,43.6,44.6,33.1,31.6,43.8,62.0,36.1,48.3,58.3,50.2,51.9,69.5,66.0,71.8,70.5,73.4,69.5,72.1,74.6,49.0,50.6,51.4,69.1,53.9,61.7,73.4,56.3,75.5,58.9,59.9,68.2,68.0,70.0,70.2,73.2,73.2,76.0,78.0,78.2,47.4,43.7,45.7,45.3,50.2,49.0,46.5,48.3,42.0,36.1,52.6,53.9,53.2,48.8,46.9,43.8,51.7,47.2,53.2,50.0,55.4,29.7,28.4,28.0,31.6,37.2,31.4,31.0,37.4,33.4,19.7,17.7,26.9,17.2,25.5,41.4,13.0,7.8,0.0,13.5,16.6,8.6,15.3,16.2,19.7,10.0,19.2,15.2,23.9,32.6,23.4,26.9,46.3,40.2,44.0,43.1,16.0,48.5,40.3,46.1,50.5
51.1,57.0,58.0,46.3,45.0,57.0,72.0,49.4,60.9,71.3,63.2,65.0,82.9,79.1,85.1,83.6,86.7,82.4,84.9,87.7,60.4,62.6,63.0,81.4,65.1,74.3,85.2,67.7,86.7,69.9,71.5,77.2,77.6,79.6,80.4,82.2,83.4,85.6,87.6,88.3,52.4,52.0,54.0,54.2,55.9,57.0,53.2,57.2,52.0,40.3,61.0,62.0,62.2,49.7,49.2,47.4,53.2,51.2,55.0,52.9,57.7,37.0,37.3,38.3,39.0,43.3,40.3,41.2,45.0,42.3,8.0,9.4,34.0,5.0,34.4,54.7,5.8,21.2,13.5,0.0,5.4,5.4,27.7,29.2,32.8,16.0,32.6,28.0,37.2,46.0,36.8,40.4,58.5,53.0,56.5,55.9,26.9,61.3,53.5,59.4,63.6
