0,16.55294536,13,2.828427125,29.61418579,2,21.9317122,8.062257748,10,10,18.38477631,14.56021978,16.40121947,24.69817807,19.72308292,15.62049935,20.22374842,25.07987241,11.40175425,19,15.55634919,16.2788206,9.486832981,24.08318916,13.89244399,26.07680962,14.2126704,11.66190379,8.94427191,21.84032967,22.8035085,21.9317122,11.18033989,26.68332813,25.07987241,13.60147051,20.09975124,16.2788206,22.09072203,28.7923601,10.19803903,18.86796226,13.03840481,15.13274595,26.47640459,24.18677324,17.2626765,12.16552506,18.78829423,15.65247584,26.41968963,16.2788206,18.02775638,24.08318916,25.49509757,23.08679276,10.04987562,13.03840481,12.52996409,15.23154621,24.04163056,26.92582404,15.65247584,19.31320792,14.86606875,23,16.55294536,24.35159132,21.54065923,26.47640459,23.19482701,12,12.20655562,16.2788206,19.02629759,10,13.15294644,19.92485885,15,18.02775638,12.80624847,12.20655562,10.63014581,6.32455532,6,17.4642492,18.78829423,5.830951895,21.54065923,15.23154621,10.81665383,22.8035085,9.055385138,2.236067977,6.708203932,19.20937271,22.82542442,19,18.38477631,9.486832981,9.219544457,18.97366596,12.04159458,14.31782106,5,12.16552506,15,17.02938637,23.02172887,9,20,21.9544984,20,24.59674775,22.56102835,12.20655562,18.60107524,3,19.23538406,15.23154621,16.1245155,18.86796226,4.242640687,12,8.602325267,19.31320792,19.41648784,9.219544457,25.55386468,13,15.8113883,10,19.92485885,17.4642492,8.246211251,21.09502311,19.23538406,19.31320792,8.94427191,18.60107524,23.70653918,12.36931688,33,18.43908891,33.24154028,30.46309242,36.87817783,20.88061302,37.16180835,21.63330765,23.02172887,35.22782991,13.15294644,36.05551275,38.91015292,22.36067977,20.59126028,12,22.47220505,29.83286778,28.0713377,35.11409973,23.85372088,35.44009029,24.33105012,32.69556545,17.2626765,30.01666204,36.68787266,35.73513677,20.02498439,19.6468827,20.02498439,23.08679276,15.13274595,19.02629759,14.86606875,32.57299495,15.5241747,27.20294102,24.18677324,30.06659276,14.31782106,33.37663854,20.61552813,22.02271555,20.51828453,25.94224354,20.24845673,23.43074903,18.24828759,19.31320792,19.6468827,16.03121954,35.90264614,27.85677655,25.29822128,21.47091055,23.2594067,31.01612484,30.01666204,34.92849839,30.8058436,28.01785145,16.4924225,24.59674775,27.29468813,14,14.76482306,36.22154055
16.55294536,0,28.86173938,17.72004515,14.03566885,17.49285568,8.062257748,22.20360331,25.96150997,23.02172887,32.55764119,23.70653918,20.61552813,38.41874542,34.6554469,31.90611227,32.44996148,36.23534186,17.88854382,30.01666204,18.43908891,19.41648784,24.08318916,35.35533906,20.61552813,37.12142239,18.97366596,19.23538406,18.60107524,29.41088234,35.80502758,36.12478374,26.2488095,34.20526275,36.23534186,19.31320792,31.90611227,32.20248438,33.61547263,34.36568055,21.40093456,33.9705755,25.61249695,25.55386468,38.58756276,38.89730068,26.83281573,23.02172887,33.24154028,30.41381265,41.03656906,25.94224354,31.89043744,35.35533906,33.52610923,36.40054945,23.34523506,28.42534081,27.65863337,29.69848481,37.20215048,33.95585369,22.47220505,33.30165161,17.4642492,33.54101966,23.40939982,30.8058436,35.4682957,34.4818793,34.98571137,24.20743687,27.80287755,19.41648784,29.52964612,15.29705854,18.02775638,15,17,19.41648784,23.19482701,25,23,10.29563014,15.03329638,14.86606875,12.20655562,20.39607805,26.41968963,22.13594362,6.08276253,25.8069758,14.14213562,16.76305461,9.848857802,28.16025568,29.06888371,19.20937271,12.80624847,24.33105012,22.02271555,14.2126704,14.86606875,13.89244399,18.24828759,27.45906044,7.810249676,28.28427125,30.46309242,15.13274595,19.84943324,28.63564213,19.84943324,30.01666204,25,25,27.20294102,15.5241747,26,11.40175425,15.8113883,26.57066051,18.43908891,15.8113883,10,24.59674775,27.51363298,24.51530134,31.76476035,27.07397274,12.80624847,23.02172887,24.18677324,23.76972865,17.02938637,22.02271555,26,24.59674775,19.02629759,27.20294102,7.211102551,5,19.31320792,11.40175425,16.76305461,23.02172887,21.02379604,13.92838828,29.06888371,19.23538406,10,22.82542442,9.219544457,21.58703314,31.2409987,17.72004515,17.2626765,7.615773106,19.41648784,19.79898987,15.8113883,18.68154169,20.61552813,19.23538406,9.486832981,25,10.19803903,16.15549442,26.90724809,19.41648784,7.810249676,12.64911064,9.433981132,15.65247584,5,8.94427191,12.04159458,16.2788206,3,11.04536102,19.92485885,15.8113883,13.15294644,18.11077028,20.02498439,9.219544457,22.02271555,9.433981132,18.11077028,22.20360331,5,3,12.64911064,8.062257748,25,11.40175425,9.055385138,5,18.02775638,14.56021978,16.15549442,19.02629759,15,14.31782106,3.16227766,19.31320792,16.2788206,7.071067812,14.14213562,21.21320344
13,28.86173938,0,11.18033989,42.42640687,13.15294644,32.64965543,7.211102551,3,7.810249676,18.02775638,22.02271555,26.41968963,23.34523506,17.2626765,10.04987562,22.36067977,27.31300057,21.9317122,23.02172887,26.40075756,26.83281573,13.45362405,26.40075756,23.32380758,28.23118843,24.59674775,21.47091055,18.78829423,28.31960452,23.08679276,20.39607805,12.80624847,32.20248438,27.31300057,23.70653918,22.82542442,12.16552506,24.59674775,35.4682957,18.02775638,16.2788206,17.69180601,21.21320344,27.20294102,21.02379604,23.34523506,19.20937271,17.72004515,15.23154621,23,22.627417,18.38477631,26.40075756,30.8058436,22.8035085,15.62049935,12.52996409,13.03840481,15.65247584,23.76972865,32.80243893,24.41311123,18.97366596,26,26.41968963,25,31.144823,20.61552813,31.6227766,25.07987241,17.69180601,11.66190379,26.83281573,23.60084744,16.40121947,17.02938637,26.87005769,19.84943324,21.63330765,11.18033989,7.615773106,8.602325267,19.10497317,14.31782106,24.04163056,27.01851217,8.544003745,20.61552813,15.65247584,22.8035085,23.08679276,16.64331698,12.16552506,19.23538406,15.03329638,20.09975124,23.02172887,26.2488095,5,8.485281374,26.17250466,18.43908891,21.26029163,10.77032961,2.236067977,25.05992817,11,19,15.8113883,23.85372088,19.10497317,23.85372088,22.09072203,23.40939982,7.615773106,15.13274595,13.34166406,17.4642492,23.60084744,21.9317122,16.2788206,10.44030651,17.69180601,19.31320792,18.97366596,16.1245155,4.472135955,22,5.099019514,23.43074903,7.810249676,20.24845673,17.08800749,13.60147051,23.70653918,17.4642492,18.97366596,12.04159458,15.13274595,35.73513677,25.17935662,46,31.25699922,45.607017,42.72001873,49.64876635,33.54101966,49.33558553,33.24154028,36.01388621,48.16637832,26.07680962,49.04079934,50.92150823,34.4818793,32.57299495,25,34.17601498,42.57933771,41.0487515,47.5394573,35.4682957,48.05205511,37.21558813,44.92215489,30.14962686,43.01162634,49.24428901,48.27007354,33.01514804,32.38826948,33.01514804,35.6931366,28.0713377,32.01562119,27.45906044,45.12205669,28.28427125,39.81205847,36.05551275,43.0464865,26.68332813,46.27094121,31.78049716,35.0142828,30.88689042,37.94733192,31.95309062,34.43835072,31.144823,31.78049716,32.38826948,29.01723626,48.66210024,40.26164428,37.85498646,33.52610923,35.44009029,43.41658669,43.01162634,47.67598976,43.56604182,41.01219331,29.27456234,36.68787266,40.19950248,27,26.92582404,49.16299421
2.828427125,17.72004515,11.18033989,0,31.25699922,4.472135955,22.20360331,5.385164807,8.246211251,7.211102551,19.6468827,17.08800749,19.20937271,25.96150997,20.61552813,15.62049935,22.02271555,27,14.2126704,21.09502311,18.38477631,19.10497317,11.04536102,26,16.64331698,28,17.02938637,14.4222051,11.66190379,24.35159132,24.33105012,23.08679276,12.36931688,29.12043956,27,16.40121947,22,16.64331698,24,31.38470965,12.64911064,19.6977156,15.03329638,17.4642492,28.16025568,25.07987241,19.6468827,14.56021978,19.92485885,16.76305461,27.31300057,18.68154169,19.41648784,26,27.89265136,24.51530134,12.04159458,13.92838828,13.60147051,16.4924225,25.49509757,29.41088234,18.35755975,20.61552813,17.69180601,25.07987241,19.23538406,26.92582404,22.8035085,28.86173938,25.01999201,14.14213562,13,19.10497317,21.21320344,8.246211251,11,18.78829423,13.15294644,16.03121954,10,9.433981132,7.810249676,8,4.472135955,16.15549442,18.02775638,3.16227766,18.97366596,12.64911064,11.70469991,20.39607805,7.615773106,1,8.062257748,16.40121947,20.1246118,17.11724277,17.49285568,7.071067812,6.403124237,17.88854382,10.44030651,13,2.236067977,10,14.86606875,14.2126704,20.24845673,7.280109889,18.11077028,19.23538406,18.11077028,21.9317122,20.22374842,9.433981132,15.8113883,2.236067977,16.55294536,14.4222051,14.56021978,16.1245155,1.414213562,10.19803903,8.602325267,16.76305461,16.64331698,7,22.82542442,10.44030651,14.76482306,7.211102551,17.4642492,14.86606875,6,19,16.55294536,16.76305461,6.32455532,15.8113883,24.69817807,14.03566885,35.05709629,20.88061302,34.4818793,33.10589071,38.47076812,23.40939982,39.81205847,24.41311123,25.01999201,37.48332963,15.5241747,38,41.59326869,25.05992817,23.32380758,14.14213562,25.23885893,32.28002478,30.2654919,36.40054945,26.62705391,36.87817783,26.07680962,35.34119409,19.6468827,32.01562119,39.2173431,37.10795063,22.02271555,22.13594362,22.20360331,25.63201124,17,21.21320344,17.4642492,33.95585369,17.11724277,28.63564213,26.92582404,32,17,35.12833614,23.43074903,24.0208243,23.34523506,26.92582404,23.02172887,26.2488095,20.02498439,20.61552813,22.13594362,18.24828759,38.32753579,29.12043956,26.68332813,22.47220505,25.94224354,32.28002478,32.01562119,36.49657518,32.38826948,30.01666204,18.11077028,27.29468813,29.61418579,16.1245155,17.49285568,38.05259518
29.61418579,14.03566885,42.42640687,31.25699922,0,30.08321791,15.8113883,36.05551275,39.45883931,37,42.72001873,32.01562119,26.87005769,47.80167361,45.27692569,44.01136217,41.23105626,43.84062043,26.62705391,38.28837944,24.75883681,25.45584412,35.34119409,43.13930922,28.42534081,44.55333882,26.2488095,28.01785145,28.65309756,35.4682957,44.82186966,46.04345773,37.57658846,39.40812099,43.84062043,27.01851217,40.45985665,43.8634244,41.77319715,38.07886553,31.38470965,44.77722635,35.51056181,34.20526275,46.69047012,49.09175083,34.71310992,32.44996148,43.56604182,41.18252056,51.03920062,34.05877273,41.88078318,43.13930922,39.20459157,45.607017,34,39.81205847,38.91015292,40.31128874,46.22769733,38.83297568,29.73213749,43.26661531,24.08318916,41.01219331,30.41381265,35.80502758,45.22167622,40,43.18564576,34.13209633,39.39543121,25.45584412,37.53664876,29.27456234,31.78049716,26.41968963,30.3644529,32.31098884,37.21558813,39.01281841,37.01351105,23.34523506,29,27.31300057,23.70653918,34.13209633,39.56008089,35.90264614,20,38.48376281,28.16025568,30.2654919,23.19482701,41.97618372,42.3792402,31.78049716,24.59674775,38.11823711,36,25.94224354,28.63564213,27.20294102,32.06243908,41.19465985,20.88061302,42.29657197,43.96589587,29.15475947,32.20248438,42.05948169,32.20248438,43.08131846,37.57658846,39.01281841,41,29.15475947,39.56008089,24.35159132,28.7923601,40.26164428,32.14031736,29.61418579,24.0208243,37.94733192,41.23105626,38.20994635,44.94441011,41.01219331,25.63201124,37,37.33630941,37.36308338,31.06444913,34.43835072,39.56008089,37.94733192,33.06055051,41,9.433981132,17.2626765,7.211102551,14.86606875,6.32455532,18.02775638,7.280109889,15,21.58703314,21.09502311,7.810249676,11.66190379,17.88854382,8.062257748,23.76972865,18.35755975,19.41648784,18.02775638,20.59126028,13,8.062257748,7.211102551,21.02379604,6.403124237,5.385164807,19.02629759,15,5.099019514,18.02775638,7.071067812,10.29563014,14.86606875,11.40175425,14.76482306,14.56021978,12.20655562,18.60107524,4.472135955,14.14213562,3.605551275,19.6977156,4.123105626,20,4.123105626,23.02172887,8.602325267,25.8069758,8.485281374,20.80865205,23.70653918,11.40175425,11.04536102,14.86606875,14.76482306,15.23154621,5,5.385164807,10.77032961,17.88854382,5,5.099019514,5.385164807,1.414213562,5.099019514,13.15294644,18.38477631,10.19803903,16.15549442,20.61552813,7.280109889
2,17.49285568,13.15294644,4.472135955,30.08321791,0,23.34523506,9.219544457,10.19803903,11.3137085,16.55294536,12.64911064,14.86606875,22.84731932,18.02775638,14.4222051,18.24828759,23.08679276,9.899494937,17,14.2126704,14.86606875,7.615773106,22.09072203,12.20655562,24.08318916,12.72792206,10,7.211102551,19.92485885,20.88061302,20.1246118,9.433981132,24.73863375,23.08679276,12.04159458,18.11077028,14.86606875,20.09975124,26.92582404,8.246211251,17.20465053,11.04536102,13.15294644,24.51530134,22.47220505,15.29705854,10.19803903,17,13.89244399,24.69817807,14.31782106,16.15549442,22.09072203,23.53720459,21.1896201,8.062257748,11.40175425,10.81665383,13.41640786,22.13594362,25,13.89244399,17.4642492,13.60147051,21,14.76482306,22.47220505,19.6977156,24.51530134,21.21320344,10,10.63014581,14.86606875,17.02938637,12,15.13274595,21.84032967,17,20.02498439,14.4222051,13.45362405,12.04159458,7.211102551,8,19.41648784,20.61552813,7.071067812,23.40939982,17.08800749,12.04159458,24.73863375,11.04536102,4.123105626,7.810249676,20.80865205,24.59674775,21,20.24845673,10.29563014,10.63014581,20.88061302,14.03566885,16.2788206,6.708203932,12.64911064,16.64331698,18.38477631,24.69817807,11,22,23.70653918,22,26.40075756,24.51530134,13.45362405,20.24845673,5,21.02379604,17.08800749,18.11077028,20.59126028,5.830951895,14,10.29563014,21.1896201,21.09502311,9.848857802,27.29468813,13.89244399,17.72004515,11.3137085,21.84032967,19.31320792,10.19803903,23.08679276,21.02379604,21.1896201,10.77032961,20.24845673,24.69817807,13,33.06055051,18.11077028,34.0147027,29.73213749,37.36308338,20.39607805,36.40054945,20.59126028,23.19482701,35.05709629,13,36.22154055,38.07886553,21.54065923,19.6977156,12.16552506,21.47091055,29.42787794,28,35.84689666,22.82542442,36.05551275,24.73863375,31.95309062,17.02938637,30.14962686,36.138622,36.40054945,20.22374842,19.23538406,20.02498439,22.56102835,15.5241747,19.02629759,14.31782106,33.24154028,16.15549442,27.85677655,23.2594067,30.2654919,13.60147051,33.73425559,19.41648784,22.20360331,19.10497317,26.92582404,19.23538406,22.20360331,18.68154169,20.1246118,19.23538406,16.03121954,35.51056181,28.63564213,26,22.47220505,22.47220505,31.78049716,30.14962686,35.44009029,31.32091953,28.16025568,17.08800749,23.76972865,27.07397274,14.14213562,13.92838828,36.49657518
21.9317122,8.062257748,32.64965543,22.20360331,15.8113883,23.34523506,0,25.49509757,30.01666204,25.63201124,39.40812099,31.38470965,28.63564213,45.48626166,41.23105626,37.53664876,39.8246155,43.8634244,25.63201124,37.57658846,26.47640459,27.45906044,30.61045573,42.95346319,28.46049894,44.77722635,26.92582404,26.92582404,25.94224354,37.36308338,43.0464865,43.01162634,32.64965543,42.20189569,43.8634244,27.20294102,39.35733731,38.18376618,41.14608122,42.42640687,28.65309756,40.45985665,32.75667871,33.10589071,46.06517123,45.607017,34.53983208,30.41381265,40,37.01351105,47.80167361,33.61547263,38.83297568,42.95346319,41.48493703,43.56604182,30.23243292,34.71310992,34.05877273,36.40054945,44.41846463,41.97618372,30.3644529,40.22437072,25.49509757,41.23105626,31.32091953,38.83297568,42.43819035,42.44997055,42.48529157,31.38470965,33.9705755,27.45906044,37.16180835,16.76305461,18.11077028,10.77032961,16,17.2626765,24.51530134,27.20294102,25.29822128,16.40121947,18.35755975,12.16552506,8.246211251,24.18677324,24.51530134,22.02271555,11.40175425,23.08679276,16.15549442,21.40093456,15.62049935,28,27.45906044,16.4924225,9.219544457,27.73084925,24.69817807,10.44030651,15.29705854,13.03840481,21.9544984,30.87069808,7.615773106,29.27456234,29.27456234,17.08800749,16.76305461,27.29468813,16.76305461,27.89265136,22.13594362,27.20294102,27,20,25.07987241,10.04987562,14.03566885,26.01922366,22.47220505,16.2788206,13.60147051,23.19482701,27.01851217,28.17800561,29.83286778,29.73213749,11,25.63201124,22.36067977,23.02172887,19.31320792,18.97366596,25.07987241,23.19482701,21.1896201,27,6.403124237,12.64911064,22.6715681,19.10497317,15.29705854,29.54657341,21.1896201,21.37755833,34.98571137,27.07397274,15.65247584,26.87005769,17.2626765,23.85372088,37.21558813,25.3179778,25.07987241,15.5241747,27.16615541,25.55386468,20.80865205,17.2626765,28.28427125,18.68154169,13.60147051,31.30495168,18.02775638,19.79898987,32.20248438,18.43908891,14.56021978,20.22374842,16.4924225,22.8035085,13.03840481,16.2788206,20.09975124,15.8113883,11.04536102,12.20655562,27.45906044,19.10497317,21.21320344,19.72308292,28,15.23154621,30.06659276,7.615773106,26.01922366,30.06659276,12.16552506,8.246211251,20.22374842,16,29.83286778,11.18033989,10.63014581,5.830951895,25.49509757,13.60147051,19.79898987,19.31320792,16.1245155,18.43908891,11,26.68332813,21.9544984,15.13274595,22.20360331,22.82542442
8.062257748,22.20360331,7.211102551,5.385164807,36.05551275,9.219544457,25.49509757,0,5,2.236067977,21,21.09502311,24.04163056,27.07397274,21.21320344,14.86606875,24.33105012,29.42787794,19.10497317,24.04163056,23.43074903,24.08318916,13.60147051,28.44292531,21.26029163,30.41381265,21.9317122,19.10497317,16.2788206,28.17800561,26.01922366,24.08318916,14.14213562,32.69556545,29.42787794,21.21320344,24.51530134,16.4924225,26.47640459,35.35533906,16.64331698,20.22374842,18.02775638,21.02379604,30.06659276,25.49509757,23.2594067,18.35755975,21.02379604,18,27.65863337,22.36067977,21.02379604,28.44292531,31.38470965,26,15.23154621,15,15.03329638,18.02775638,27,33.10589071,22.8035085,22,22.8035085,27.89265136,23.60084744,30.88689042,24.0208243,32.31098884,27.29468813,17.4642492,14,24.08318916,24.35159132,9.219544457,10.29563014,19.84943324,13.03840481,15.23154621,6.08276253,4.242640687,3.16227766,13.15294644,7.280109889,17.02938637,19.84943324,2.236067977,16.03121954,10.04987562,16.1245155,18.02775638,9.433981132,6.32455532,13.03840481,12.08304597,16.4924225,16.55294536,19.10497317,2.236067977,2,19.10497317,11.3137085,14.14213562,4,5.385164807,17.88854382,9.219544457,16.15549442,8.602325267,17.4642492,15.5241747,17.4642492,18.43908891,18.11077028,4.242640687,11.70469991,7.071067812,13.15294644,16.40121947,15,12.36931688,4.123105626,10.63014581,12.36931688,14,12.64911064,2.828427125,18.97366596,5.099019514,16.2788206,2.236067977,15.03329638,12,6.403124237,17.72004515,13.15294644,14,5,11.70469991,28.86173938,19.02629759,40.19950248,26.2488095,38.83297568,38.48376281,43.18564576,28.7923601,45.18849411,29.68164416,30.14962686,42.75511665,20.88061302,43.0464865,46.95742753,30.41381265,28.65309756,19.41648784,30.52867504,37.64306045,35.51056181,40.79215611,31.90611227,41.43669871,31,40.71854614,25,37.12142239,44.59820624,41.59326869,27.16615541,27.51363298,27.45906044,31.01612484,22.09072203,26.47640459,22.84731932,38.47076812,22,33.24154028,32.24903099,37.05401463,22.36067977,40.01249805,28.60069929,29.15475947,28.31960452,31.04834939,28.3019434,31.40063694,25.01999201,25.17935662,27.51363298,23.53720459,43.68065934,33.54101966,31.25699922,26.68332813,31.30495168,36.67424164,37.12142239,41.19465985,37.12142239,35.12833614,23,32.64965543,34.92849839,21.37755833,22.82542442,43
10,25.96150997,3,8.246211251,39.45883931,10.19803903,30.01666204,5,0,6.32455532,17.2626765,19.79898987,23.85372088,23.02172887,17,10.19803903,21.1896201,26.2488095,19.23538406,21.47091055,23.70653918,24.18677324,11.40175425,25.29822128,20.80865205,27.20294102,21.9544984,18.86796226,16.1245155,26.40075756,22.36067977,20.02498439,11.18033989,30.52867504,26.2488095,21.09502311,21.54065923,12.04159458,23.40939982,33.60059523,15.62049935,16,15.8113883,19.20937271,26.47640459,21.09502311,21.40093456,16.97056275,17.11724277,14.31782106,23.19482701,20.61552813,17.4642492,25.29822128,29.15475947,22.20360331,13.45362405,11.40175425,11.70469991,14.56021978,23.19482701,31.06444913,22.02271555,18.24828759,23.2594067,25.07987241,22.6715681,29.20616373,20.09975124,30.01666204,24.04163056,15.62049935,10.44030651,24.18677324,21.9544984,14.14213562,15.26433752,24.8394847,18.02775638,20.1246118,10.19803903,7,7.280109889,16.1245155,11.66190379,22.02271555,24.75883681,5.830951895,20.09975124,14.56021978,19.92485885,22.36067977,14.2126704,9.219544457,16.2788206,15.13274595,20.02498439,21.47091055,24.04163056,3.16227766,6.708203932,24.08318916,16.2788206,19.10497317,8.062257748,2.828427125,22.47220505,11.40175425,19.23538406,13.45362405,22.36067977,19.02629759,22.36067977,22.02271555,22.56102835,7,15.03329638,10.44030651,17.02938637,21.26029163,20,16,7.615773106,15.62049935,16.55294536,18.24828759,16.03121954,2.236067977,22.20360331,5.385164807,21.21320344,6.32455532,19.41648784,16.2788206,11.3137085,22.47220505,17.02938637,18.24828759,10,15.03329638,32.89376841,22.20360331,43,28.28427125,42.72001873,39.84971769,46.69047012,30.59411708,46.4865572,30.46309242,33.01514804,45.17742799,23.08679276,46.04345773,48.10405388,31.6227766,29.73213749,22,31.38470965,39.62322551,38.05259518,44.64302857,32.69556545,45.12205669,34.23448554,42.05948169,27.16615541,40.01249805,46.32493929,45.35416188,30.01666204,29.42787794,30.01666204,32.75667871,25.07987241,29.01723626,24.51530134,42.20189569,25.3179778,36.87817783,33.24154028,40.04996879,23.76972865,43.28972164,29.06888371,32.01562119,28.3019434,35.11409973,29.15475947,31.76476035,28.16025568,28.86173938,29.42787794,26.01922366,45.70557953,37.36308338,34.92849839,30.6757233,32.57299495,40.52159918,40.01249805,44.72135955,40.60788101,38.01315562,26.30589288,33.83784863,37.21558813,24,24.04163056,46.17358552
10,23.02172887,7.810249676,7.211102551,37,11.3137085,25.63201124,2.236067977,6.32455532,0,23.02172887,23.32380758,26.17250466,29.01723626,23.08679276,16.4924225,26.47640459,31.57530681,21.21320344,26.2488095,25.49509757,26.17250466,15.8113883,30.59411708,23.43074903,32.55764119,24.04163056,21.26029163,18.43908891,30.41381265,28.0713377,26.01922366,16.2788206,34.92849839,31.57530681,23.34523506,26.68332813,18.24828759,28.63564213,37.58989226,18.86796226,22.09072203,20.24845673,23.2594067,32.14031736,27.29468813,25.49509757,20.59126028,23,20.02498439,29.42787794,24.59674775,23.08679276,30.59411708,33.61547263,28.01785145,17.4642492,17.02938637,17.11724277,20.09975124,29.01723626,35.34119409,25,24.0208243,24.8394847,30.08321791,25.8069758,33.12099032,26,34.53983208,29.42787794,19.6977156,16.03121954,26.17250466,26.57066051,8.94427191,9.219544457,19.10497317,12.04159458,13.89244399,4,2.236067977,1,14.56021978,8,16.2788206,19.41648784,4.242640687,14,8.246211251,17,16.1245155,9.486832981,8.062257748,14.31782106,9.848857802,14.31782106,15.26433752,18.60107524,3.16227766,1,18.43908891,10.81665383,13.60147051,5.385164807,5.656854249,18.02775638,7.071067812,13.92838828,8.544003745,16.1245155,13.34166406,16.1245155,16.2788206,16.2788206,2.236067977,9.486832981,8.544003745,11.04536102,16.1245155,14.14213562,10.19803903,5.830951895,10,13.03840481,12.04159458,10.44030651,4.123105626,16.76305461,4.123105626,15.8113883,0,13.15294644,10.04987562,6.32455532,16.15549442,11.04536102,12.04159458,4.472135955,9.486832981,29.42787794,20.22374842,41.43669871,27.85677655,39.45883931,40.24922359,44.04543109,30.46309242,46.95742753,31.6227766,31.40063694,44.14748011,22.47220505,44.18144407,48.76474136,32.24903099,30.52867504,20.88061302,32.44996148,39.2173431,36.87817783,41.43669871,33.83784863,42.19004622,32.06243908,42.48529157,26.57066051,38.32753579,46.23851209,42.29657197,28.44292531,29.15475947,28.86173938,32.69556545,23.34523506,27.89265136,24.59674775,39.20459157,23.08679276,34.05877273,34.13209633,38.20994635,24.18677324,41.01219331,30.61045573,30.41381265,30.41381265,31.57530681,30.23243292,33.42154993,26.17250466,26.01922366,29.15475947,25,45.22167622,34.23448554,32.06243908,27.29468813,33.12099032,37.33630941,38.32753579,42.04759208,38.01315562,36.34556369,24.08318916,34.4818793,36.40054945,22.8035085,24.69817807,44.04543109
18.38477631,32.55764119,18.02775638,19.6468827,42.72001873,16.55294536,39.40812099,21,17.2626765,23.02172887,0,11.40175425,17.4642492,6.32455532,3,8.602325267,5,9.433981132,16.1245155,7.280109889,18.97366596,18.68154169,8.94427191,8.602325267,14.86606875,10.29563014,17.08800749,14.76482306,14.2126704,13.60147051,5.099019514,3.605551275,7.280109889,15.8113883,9.433981132,16.15549442,5.830951895,6.403124237,7.071067812,19.72308292,11.40175425,3.16227766,7.211102551,9.219544457,9.219544457,6.403124237,10,10.29563014,1,3,8.485281374,10.04987562,1,8.602325267,14.4222051,5,9.219544457,6,6.08276253,3.16227766,6,16.64331698,14.31782106,1,19.31320792,9.219544457,14.14213562,16.15549442,3.16227766,15,7.211102551,8.602325267,7,18.68154169,8.246211251,27.89265136,30.41381265,38.27531842,32.75667871,35.51056181,27.01851217,24.18677324,24.0208243,23.02172887,24.04163056,35.73513677,37.16180835,20.09975124,37.01351105,31.01612484,28.01785145,39.01281841,27.20294102,19.92485885,23.85372088,32.38826948,37.21558813,36.67424164,36.76955262,20.09975124,23,37.33630941,30.08321791,32.57299495,21.37755833,19.6468827,33.12099032,28.63564213,36.49657518,26.92582404,37.65634077,36.22154055,37.65634077,39.20459157,39.05124838,24.18677324,32.24903099,21.1896201,34.05877273,33.61547263,34.20526275,33.13608305,20.39607805,29.83286778,26.83281573,35,33.24154028,19.10497317,39.45883931,22.56102835,34.17601498,23.02172887,36.01388621,33,25.49509757,38.32753579,34.05877273,35,25.17935662,32.24903099,39.59797975,27.58622845,43.46262762,28.17800561,47.80167361,35.35533906,49.73932046,29.15475947,41.0487515,25.49509757,34.98571137,43.96589587,25,47.01063709,42,27.89265136,25.96150997,25.49509757,26.47640459,37.36308338,38.07886553,49.40647731,27.29468813,49.09175083,37.44329045,37.21558813,27.78488798,41.14608122,42.42640687,49.64876635,32.44996148,28.63564213,31.38470965,30.6757233,29.06888371,30.52867504,24.18677324,46.61544808,30.41381265,41.40048309,28.44292531,41.59326869,22.82542442,45.65084884,23.34523506,34.13209633,21.09502311,41.72529209,24.73863375,25.07987241,32.01562119,34.6554469,28.63564213,28.01785145,42.95346319,42.63801121,39.8246155,37.48332963,28.86173938,45.607017,41.14608122,48.02082881,44.10215414,39.35733731,31.144823,29.61418579,36.40054945,27.01851217,22.36067977,47.85394446
14.56021978,23.70653918,22.02271555,17.08800749,32.01562119,12.64911064,31.38470965,21.09502311,19.79898987,23.32380758,11.40175425,0,6.08276253,15.8113883,14.31782106,16.4924225,9.219544457,12.52996409,5.830951895,6.403124237,7.615773106,7.280109889,8.602325267,11.66190379,3.605551275,13.41640786,5.830951895,4.472135955,6,7.280109889,12.80624847,14.31782106,9.848857802,12.16552506,12.52996409,5,8.485281374,15.13274595,10,14.31782106,4.472135955,14.14213562,5.099019514,2.236067977,15,17.4642492,3.16227766,2.828427125,12.36931688,11,19.23538406,2.236067977,10.44030651,11.66190379,11.04536102,13.60147051,6.403124237,11.40175425,10.44030651,10,14.2126704,12.36931688,3,11.70469991,8.062257748,9.848857802,3.16227766,9.848857802,13.41640786,12.04159458,11.40175425,4.472135955,11.70469991,7.280109889,5.830951895,24.33105012,27.65863337,33.06055051,29.27456234,32.38826948,26.83281573,25.23885893,24.18677324,16.1245155,20.39607805,31,31.25699922,19.23538406,36.05551275,29.73213749,20.61552813,37.36308338,23.19482701,16.76305461,17.11724277,33.12099032,37.16180835,33.24154028,31.144823,21.40093456,22.82542442,32.06243908,26.17250466,28.01785145,19.31320792,22.627417,26.47640459,30.23243292,37.12142239,23.34523506,34.23448554,36.24913792,34.23448554,39,37.10795063,25.23885893,32.64965543,17.4642492,33.61547263,28.0713377,30.06659276,33.10589071,18.38477631,26.30589288,21.02379604,33.83784863,33.54101966,20.61552813,39.81205847,24.8394847,29.01723626,23.32380758,34.4818793,31.95309062,22.8035085,35.51056181,33.61547263,33.83784863,23.40939982,32.64965543,30.23243292,18.78829423,32.20248438,17.20465053,37.48332963,24.08318916,38.83297568,17.88854382,30.01666204,14.14213562,24.20743687,32.57299495,15,35.77708764,31.144823,16.4924225,14.56021978,16.1245155,15.13274595,25.96150997,26.83281573,38.94868419,16.03121954,38.41874542,26.90724809,26.01922366,17.02938637,30.01666204,31.144823,39.05124838,21.9317122,17.49285568,20.61552813,19.31320792,19.41648784,19.84943324,13.45362405,36.12478374,21.09502311,31.11269837,17.11724277,30.52867504,12.04159458,34.66987165,12.04159458,23.43074903,10.04987562,32.20248438,13.34166406,14.03566885,22.02271555,25.23885893,17.49285568,17.69180601,31.57530681,32.55764119,29.73213749,28.3019434,17.4642492,35.35533906,30.01666204,37.20215048,33.42154993,28.3019434,21.63330765,18.24828759,25.07987241,17.20465053,11.40175425,36.7151195
16.40121947,20.61552813,26.41968963,19.20937271,26.87005769,14.86606875,28.63564213,24.04163056,23.85372088,26.17250466,17.4642492,6.08276253,0,21.47091055,20.39607805,22.20360331,14.76482306,16.97056275,5,11.66190379,2.236067977,1.414213562,13.60147051,16.2788206,3.16227766,17.69180601,2.236067977,5,7.810249676,8.94427191,18.35755975,20.24845673,15.29705854,13.60147051,16.97056275,2.828427125,13.89244399,21.02379604,15,14,8.544003745,20.22374842,11,8.246211251,19.84943324,23.40939982,8.062257748,8.062257748,18.43908891,17.02938637,25.07987241,7.615773106,16.4924225,16.2788206,13,19.23538406,11.40175425,17.11724277,16.1245155,16.03121954,19.72308292,13.34166406,3.16227766,17.72004515,3.16227766,14.14213562,3.605551275,10.19803903,19.31320792,13.92838828,16.40121947,10.04987562,17.2626765,1.414213562,10.81665383,25.07987241,28.63564213,32.24903099,29.73213749,32.89376841,29.20616373,28.28427125,26.90724809,15.5241747,21.47091055,30.59411708,30.06659276,21.9317122,37.58989226,31.38470965,19.02629759,38.48376281,23.76972865,18.60107524,16.4924225,35.60898763,39.11521443,33.52610923,30.14962686,24.8394847,25.49509757,31.25699922,26.57066051,27.89265136,21.40093456,26.62705391,25.01999201,33.24154028,39.40812099,24.16609195,34.4818793,38.27531842,34.4818793,40.81666326,38.07886553,28.28427125,35,18.86796226,35.51056181,27.29468813,30.08321791,35.22782991,20.61552813,26.92582404,20.61552813,35.35533906,35.80502758,24.20743687,41.88078318,28.42534081,28.44292531,26.17250466,35.77708764,33.61547263,24.18677324,36.05551275,35.51056181,35.35533906,25.23885893,35,26.40075756,16.1245155,26.41968963,12.04159458,32.64965543,18.02775638,33.42154993,12.20655562,24.08318916,8.062257748,19.10497317,26.57066051,11.40175425,30.01666204,25.3179778,10.44030651,8.544003745,13.15294644,9.055385138,19.92485885,21.09502311,33.9705755,10,33.24154028,22.02271555,20,12.20655562,24.41311123,25.07987241,33.9411255,17.20465053,12.04159458,15.62049935,13.41640786,15.8113883,15,8.94427191,31.144823,17.72004515,26.40075756,11.04536102,25,7.615773106,29.20616373,6,18.43908891,4.472135955,28.17800561,7.280109889,8.246211251,17.88854382,21.54065923,12.04159458,13.41640786,25.49509757,28.01785145,25.23885893,24.69817807,11.40175425,30.61045573,24.41311123,31.89043744,28.28427125,22.8035085,18.02775638,12.16552506,19.23538406,13.60147051,6.708203932,31.06444913
24.69817807,38.41874542,23.34523506,25.96150997,47.80167361,22.84731932,45.48626166,27.07397274,23.02172887,29.01723626,6.32455532,15.8113883,21.47091055,0,6.08276253,13.34166406,6.708203932,7.280109889,21.26029163,9.848857802,23.32380758,22.82542442,15.23154621,7.071067812,19.41648784,7.615773106,21.63330765,19.84943324,19.84943324,15.13274595,3.16227766,3,13.60147051,15.29705854,7.280109889,20.80865205,7.615773106,11.18033989,7.071067812,19.41648784,17.02938637,7.071067812,12.80624847,13.60147051,5,3.605551275,13.41640786,15.55634919,6.08276253,9.219544457,4,13.89244399,6.708203932,7.071067812,14.14213562,2.236067977,15.26433752,12.16552506,12.36931688,9.486832981,2,16.2788206,18.35755975,5.385164807,23.85372088,9,17.88854382,17,3.16227766,14.31782106,6,14.2126704,13.15294644,22.82542442,10.77032961,34.20526275,36.67424164,44.59820624,39.05124838,41.77319715,33.01514804,30.01666204,30.01666204,29.15475947,30.3644529,42.05948169,43.46262762,26.30589288,43.01162634,37.12142239,34.13209633,45.09988914,33.52610923,26.2488095,30.01666204,38.11823711,43.0464865,42.95346319,43.08131846,26,29.06888371,43.65775991,36.40054945,38.89730068,27.65863337,25.17935662,39.35733731,34.23448554,42.19004622,33.24154028,43.93176527,42.04759208,43.93176527,45.04442252,45.17742799,30.01666204,38.05259518,27.51363298,40,39.92492956,40.52159918,39.01281841,26.68332813,36.138622,33.10589071,41.0487515,39.05124838,25,45.17742799,28.16025568,40.49691346,29.01723626,42.10700654,39.05124838,31.78049716,44.55333882,40,41.0487515,31.40063694,38.05259518,45.3431362,33.42154993,47.88527958,33.01514804,53.15072906,38.60051813,54.64430437,33.61547263,43.73785546,29.15475947,40,47.92702787,30.41381265,51.4781507,44.40720662,31.78049716,29.96664813,31.144823,30.08321791,41.23105626,42.54409477,54.67174773,30.6757233,54.20332093,42.63801121,40.26164428,32.80243893,45.79301257,45.607017,54.81788029,37.64306045,33.28663395,36.40054945,34.88552709,34.6554469,35.60898763,29.20616373,51.85556865,36.12478374,46.75467891,31.95309062,46.32493929,27.80287755,50.47771786,26.92582404,39.20459157,24.35159132,47.42362281,28.63564213,28.16025568,37.48332963,40.36087214,33.28663395,33.30165161,46.4865572,48.10405388,45.27692569,43.27817002,32.69556545,50.99019514,45.79301257,53.00943312,49.2036584,44.10215414,36.79673899,33.24154028,40.70626487,32.52691193,27.20294102,52.47856705
19.72308292,34.6554469,17.2626765,20.61552813,45.27692569,18.02775638,41.23105626,21.21320344,17,23.08679276,3,14.31782106,20.39607805,6.08276253,0,7.280109889,7.615773106,11.3137085,18.78829423,10.19803903,21.84032967,21.58703314,10.63014581,10.63014581,17.72004515,12.04159458,19.92485885,17.4642492,16.64331698,16.4924225,6.403124237,3.16227766,8.602325267,18.35755975,11.3137085,18.97366596,8.544003745,5.099019514,9.433981132,22.36067977,13.89244399,1,9.848857802,12.16552506,10.29563014,4.472135955,13,13,2,4.242640687,6.708203932,13.03840481,4,10.63014581,17,5.830951895,11.40175425,6.708203932,7.211102551,5,6.708203932,19.23538406,17.2626765,3.16227766,22.13594362,11.66190379,17.11724277,18.97366596,3.605551275,17.49285568,9.219544457,11.18033989,7.615773106,21.58703314,11.18033989,28.7923601,31.04834939,39.39543121,33.52610923,36.138622,27.07397274,24,24.08318916,24.8394847,25.07987241,36.76955262,38.47076812,20.61552813,37.05401463,31.25699922,29.83286778,39.20459157,28.23118843,21.02379604,25.61249695,32.06243908,37.01351105,37.36308338,38.01315562,20.02498439,23.19482701,38.48376281,31.01612484,33.61547263,22.13594362,19.10497317,34.66987165,28.16025568,36.12478374,27.85677655,38.32753579,36.01388621,38.32753579,39.01281841,39.3192065,24,32.01562119,22.36067977,34.0147027,34.88552709,35.11409973,33,21.1896201,30.6757233,28.3019434,35.12833614,33.01514804,19.02629759,39.11521443,22.09072203,35.34119409,23.08679276,36.22154055,33.13608305,26.2488095,38.83297568,34.0147027,35.12833614,25.70992026,32.01562119,41.77319715,29.73213749,46.23851209,30.87069808,50.21951812,38.32753579,52.35456045,31.95309062,44.04543109,28.44292531,37.58989226,46.84015371,27.45906044,49.76946855,45,30.8058436,28.86173938,27.80287755,29.42787794,40.26164428,40.85339643,51.86520992,30.2654919,51.623638,39.96248241,40.19950248,30.41381265,43.8634244,45.39823785,52.15361924,34.98571137,31.38470965,34,33.52610923,31.40063694,33.12099032,26.83281573,49.09175083,32.64965543,43.829214,31.40063694,44.28317965,25.49509757,48.3011387,26.30589288,36.7151195,24.08318916,43.93176527,27.65863337,28.0713377,34.40930107,36.87817783,31.38470965,30.52867504,45.89117562,45,42.20189569,39.62322551,31.78049716,48.01041554,43.8634244,50.60632372,46.64761516,42.04759208,33.42154993,32.55764119,39.2173431,29.41088234,25.07987241,50.56678752
15.62049935,31.90611227,10.04987562,15.62049935,44.01136217,14.4222051,37.53664876,14.86606875,10.19803903,16.4924225,8.602325267,16.4924225,22.20360331,13.34166406,7.280109889,0,13.45362405,18.02775638,19.02629759,15,23.02172887,23.08679276,9.055385138,17.20465053,19.10497317,18.86796226,21.02379604,18,16.1245155,21.09502311,13.41640786,10.44030651,7,24.08318916,18.02775638,20.02498439,14.14213562,2.236067977,15.62049935,27.80287755,14,6.32455532,11.40175425,14.86606875,17.4642492,11,16.55294536,14.14213562,8.062257748,6.403124237,13.03840481,16.15549442,9.219544457,17.20465053,22.6715681,13,11,5.099019514,6.08276253,7.211102551,13.92838828,24.8394847,19.41648784,9.433981132,23,17.69180601,19.6468827,23.85372088,10.77032961,23.34523506,15.8113883,12.16552506,5,23.08679276,15.8113883,23.32380758,25.07987241,34.13209633,27.73084925,30.08321791,20.39607805,17.11724277,17.4642492,21.63330765,20,31.38470965,33.60059523,14.76482306,30.2654919,24.73863375,26.40075756,32.55764119,23.02172887,16.2788206,22.20360331,25,30.01666204,31.38470965,33.01514804,13.34166406,16.76305461,33.28663395,25.55386468,28.3019434,16.64331698,12,30.41381265,21.02379604,29.01723626,22.47220505,32.31098884,29.01723626,32.31098884,32.01562119,32.75667871,17.11724277,25.01999201,17.69180601,27.16615541,30,29.52964612,26.07680962,15.8113883,25.05992817,24.04163056,28.44292531,26.01922366,12.36931688,32.01562119,15,30.23243292,16.4924225,29.61418579,26.47640459,20.59126028,32.57299495,27.16615541,28.44292531,19.6977156,25.01999201,39.11521443,27.29468813,46.09772229,30.59411708,48.3011387,40.04996879,51.26402247,32.24903099,46.27094121,30.06659276,36.68787266,47.38143096,26.2488095,49.47726751,47.51841748,32,30,26,31.06444913,41.10960958,40.79215611,50.08991915,32.14031736,50.15974482,38.62641583,42.10700654,29.83286778,43.41658669,47.01063709,50.56678752,33.83784863,31.40063694,33.24154028,34.13209633,29.54657341,32.28002478,26.47640459,47.42362281,30.41381265,42.04759208,33.06055051,43.68065934,25.3179778,47.4341649,28.16025568,35.73513677,26.47640459,41.34005322,29.01723626,30.41381265,32.69556545,34.4818793,31.40063694,29.41088234,47.04253395,42.94182111,40.24922359,36.89173349,33,46.06517123,43.41658669,49.39635614,45.31004304,41.48493703,31.30495168,34.0147027,39.45883931,27.85677655,25.17935662,50
20.22374842,32.44996148,22.36067977,22.02271555,41.23105626,18.24828759,39.8246155,24.33105012,21.1896201,26.47640459,5,9.219544457,14.76482306,6.708203932,7.615773106,13.45362405,0,5.099019514,14.86606875,3.16227766,16.64331698,16.1245155,11,4.123105626,12.80624847,6.08276253,15,13.45362405,13.89244399,9.055385138,3.605551275,6,10.19803903,10.81665383,5.099019514,14.2126704,1,11.3137085,2.236067977,14.76482306,11.18033989,8.062257748,7.280109889,7.071067812,6.32455532,9.055385138,6.708203932,9.433981132,5.830951895,7.211102551,10.44030651,7.211102551,4.242640687,4.123105626,9.433981132,4.472135955,10.19803903,9.848857802,9.486832981,6.708203932,5,11.66190379,11.66190379,4.472135955,17.20465053,4.242640687,11.18033989,11.40175425,5,10,3,8.544003745,10.77032961,16.1245155,4.123105626,30.14962686,33.01514804,40.02499219,35.12833614,38.05259518,30.41381265,27.89265136,27.45906044,23.76972865,26.17250466,37.65634077,38.60051813,23.08679276,40.31128874,34.13209633,28.63564213,42.10700654,29.27456234,22.09072203,24.69817807,36.138622,40.79215611,39.11521443,38.32753579,23.76972865,26.30589288,39.05124838,32.24903099,34.525353,24,23.76972865,34.17601498,32.57299495,40.26164428,29.15475947,40.11234224,39.81205847,40.11234224,42.75511665,42.04759208,27.89265136,35.90264614,23.19482701,37.48332963,35.17101079,36.34556369,36.67424164,23,32.14031736,28.16025568,38.20994635,36.87817783,22.8035085,43.17406629,26.57066051,35.90264614,26.47640459,39.11521443,36.22154055,28.01785145,41.01219331,37.48332963,38.20994635,28.01785145,35.90264614,39.20459157,27.45906044,41.18252056,26.40075756,46.69047012,32.01562119,48.01041554,26.92582404,37.33630941,22.47220505,33.42154993,41.23105626,24.08318916,44.77722635,38.11823711,25.07987241,23.2594067,25,23.40939982,34.53983208,35.84689666,48.16637832,24.04163056,47.63402146,36.12478374,33.73425559,26.2488095,39.11521443,39.05124838,48.27007354,31.144823,26.62705391,29.83286778,28.17800561,28.42534081,29.06888371,22.6715681,45.3431362,30,40.31128874,25.29822128,39.66106403,21.26029163,43.829214,20.24845673,32.64965543,17.72004515,41.23105626,21.9317122,21.58703314,31.144823,34.20526275,26.62705391,26.87005769,39.84971769,41.72529209,38.89730068,37.20215048,26,44.55333882,39.11521443,46.40043103,42.63801121,37.44329045,30.61045573,26.57066051,34,26.2488095,20.61552813,45.79301257
